[3]:5
[4]:8
[1]:10
[2]:5
[5]:9
[17]:4
[16]:6
[15]:7
[13]:8
[12]:8
[15, 5]:7
[15, 3]:4
[15, 4]:6
[16, 4]:4
[16, 5]:5
[16, 2]:5
[13, 5]:8
[13, 3]:5
[13, 4]:8
[1, 2]:5
[1, 3]:5
[1, 4]:8
[1, 5]:9
[15, 16]:4
[1, 16]:6
[1, 15]:7
[1, 17]:4
[1, 12]:8
[17, 5]:4
[1, 13]:8
[17, 3]:4
[17, 4]:4
[13, 15]:6
[13, 17]:4
[13, 16]:4
[4, 5]:8
[2, 5]:4
[3, 5]:5
[3, 4]:5
[12, 5]:8
[12, 4]:7
[12, 3]:4
[12, 2]:4
[12, 13]:7
[12, 17]:4
[12, 15]:6
[12, 16]:4
[15, 3, 4]:4
[15, 3, 5]:4
[1, 3, 5]:5
[1, 3, 4]:5
[1, 12, 5]:8
[17, 3, 5]:4
[1, 12, 2]:4
[17, 3, 4]:4
[1, 12, 4]:7
[1, 12, 3]:4
[1, 2, 5]:4
[1, 13, 5]:8
[1, 13, 4]:8
[1, 13, 3]:5
[1, 15, 3]:4
[12, 17, 3]:4
[12, 17, 4]:4
[12, 17, 5]:4
[1, 16, 4]:4
[1, 16, 2]:5
[3, 4, 5]:5
[1, 4, 5]:8
[1, 15, 5]:7
[1, 15, 4]:6
[16, 2, 5]:4
[15, 16, 5]:4
[17, 4, 5]:4
[16, 4, 5]:4
[15, 4, 5]:6
[13, 15, 5]:6
[12, 3, 5]:4
[13, 15, 3]:4
[12, 3, 4]:4
[13, 15, 4]:6
[13, 4, 5]:8
[13, 16, 4]:4
[13, 16, 5]:4
[12, 2, 5]:4
[12, 13, 15]:5
[12, 13, 17]:4
[13, 17, 5]:4
[13, 17, 4]:4
[13, 17, 3]:4
[12, 4, 5]:7
[1, 12, 16]:4
[1, 12, 17]:4
[1, 12, 15]:6
[1, 12, 13]:7
[1, 16, 5]:5
[12, 15, 4]:5
[12, 15, 5]:6
[1, 17, 5]:4
[1, 17, 4]:4
[1, 13, 16]:4
[1, 17, 3]:4
[1, 13, 15]:6
[1, 13, 17]:4
[12, 16, 2]:4
[12, 16, 5]:4
[12, 13, 4]:7
[12, 13, 5]:7
[12, 13, 3]:4
[1, 15, 16]:4
[13, 3, 5]:5
[13, 3, 4]:5
[13, 15, 3, 4]:4
[1, 12, 13, 4]:7
[13, 15, 3, 5]:4
[1, 12, 13, 3]:4
[1, 12, 13, 5]:7
[17, 3, 4, 5]:4
[12, 3, 4, 5]:4
[1, 13, 17, 5]:4
[1, 13, 17, 4]:4
[1, 3, 4, 5]:5
[1, 13, 16, 4]:4
[1, 13, 16, 5]:4
[13, 15, 4, 5]:6
[13, 16, 4, 5]:4
[12, 15, 4, 5]:5
[1, 13, 17, 3]:4
[1, 15, 3, 5]:4
[1, 15, 3, 4]:4
[1, 12, 4, 5]:7
[1, 15, 4, 5]:6
[1, 16, 4, 5]:4
[12, 13, 17, 5]:4
[12, 13, 17, 4]:4
[12, 13, 17, 3]:4
[12, 13, 4, 5]:7
[1, 16, 2, 5]:4
[1, 12, 3, 4]:4
[13, 3, 4, 5]:5
[1, 12, 3, 5]:4
[12, 13, 15, 4]:5
[12, 13, 15, 5]:5
[13, 17, 4, 5]:4
[12, 13, 3, 4]:4
[12, 13, 3, 5]:4
[12, 16, 2, 5]:4
[1, 12, 2, 5]:4
[1, 15, 16, 5]:4
[12, 17, 3, 4]:4
[12, 17, 3, 5]:4
[12, 17, 4, 5]:4
[13, 17, 3, 4]:4
[13, 17, 3, 5]:4
[1, 12, 17, 4]:4
[1, 12, 17, 3]:4
[1, 13, 3, 5]:5
[1, 13, 3, 4]:5
[1, 12, 16, 5]:4
[1, 12, 13, 17]:4
[1, 12, 13, 15]:5
[15, 3, 4, 5]:4
[1, 17, 3, 5]:4
[1, 13, 15, 3]:4
[1, 13, 15, 4]:6
[1, 17, 3, 4]:4
[1, 13, 15, 5]:6
[1, 12, 17, 5]:4
[1, 17, 4, 5]:4
[1, 12, 16, 2]:4
[1, 13, 4, 5]:8
[1, 12, 15, 4]:5
[1, 12, 15, 5]:6
[13, 17, 3, 4, 5]:4
[1, 12, 13, 3, 4]:4
[1, 12, 13, 3, 5]:4
[1, 12, 16, 2, 5]:4
[1, 12, 13, 4, 5]:7
[1, 12, 17, 3, 5]:4
[1, 12, 17, 3, 4]:4
[1, 12, 17, 4, 5]:4
[1, 12, 13, 17, 5]:4
[12, 17, 3, 4, 5]:4
[12, 13, 17, 3, 5]:4
[12, 13, 17, 3, 4]:4
[1, 13, 17, 4, 5]:4
[1, 15, 3, 4, 5]:4
[12, 13, 17, 4, 5]:4
[1, 12, 3, 4, 5]:4
[1, 13, 3, 4, 5]:5
[1, 13, 17, 3, 5]:4
[1, 13, 17, 3, 4]:4
[1, 13, 16, 4, 5]:4
[1, 12, 15, 4, 5]:5
[1, 13, 15, 3, 5]:4
[1, 13, 15, 3, 4]:4
[13, 15, 3, 4, 5]:4
[1, 12, 13, 17, 3]:4
[1, 12, 13, 17, 4]:4
[12, 13, 3, 4, 5]:4
[1, 13, 15, 4, 5]:6
[1, 12, 13, 15, 4]:5
[1, 12, 13, 15, 5]:5
[12, 13, 15, 4, 5]:5
[1, 17, 3, 4, 5]:4
[1, 13, 15, 3, 4, 5]:4
[1, 12, 13, 15, 4, 5]:5
[1, 13, 17, 3, 4, 5]:4
[1, 12, 13, 17, 4, 5]:4
[12, 13, 17, 3, 4, 5]:4
[1, 12, 13, 3, 4, 5]:4
[1, 12, 17, 3, 4, 5]:4
[1, 12, 13, 17, 3, 4]:4
[1, 12, 13, 17, 3, 5]:4
[1, 12, 13, 17, 3, 4, 5]:4
