0,0	42
0,1	51
0,10	49
0,11	52
0,12	55
0,13	40
0,14	46
0,15	48
0,16	56
0,17	56
0,18	52
0,19	50
0,2	54
0,20	52
0,21	44
0,22	56
0,23	53
0,24	55
0,25	43
0,26	52
0,27	57
0,28	54
0,29	42
0,3	52
0,30	47
0,31	54
0,32	44
0,33	55
0,34	50
0,35	50
0,36	49
0,37	51
0,38	53
0,39	45
0,4	58
0,40	48
0,41	58
0,42	50
0,43	58
0,44	50
0,45	48
0,46	47
0,47	49
0,48	54
0,49	46
0,5	47
0,50	40
0,51	42
0,52	54
0,53	50
0,54	46
0,55	52
0,56	37
0,57	50
0,58	50
0,59	48
0,6	42
0,60	44
0,61	53
0,62	53
0,63	52
0,64	51
0,65	51
0,66	45
0,67	49
0,68	48
0,69	51
0,7	47
0,70	54
0,71	51
0,72	49
0,73	48
0,74	44
0,75	50
0,76	51
0,77	45
0,78	54
0,79	37
0,8	50
0,80	47
0,81	40
0,82	47
0,83	47
0,84	49
0,85	54
0,86	45
0,87	53
0,88	44
0,89	44
0,9	52
0,90	41
0,91	42
0,92	49
0,93	51
0,94	58
0,95	48
0,96	58
0,97	46
0,98	50
0,99	55
1,0	50
1,1	56
1,10	50
1,11	60
1,12	60
1,13	51
1,14	45
1,15	59
1,16	59
1,17	61
1,18	58
1,19	54
1,2	47
1,20	54
1,21	55
1,22	51
1,23	54
1,24	54
1,25	44
1,26	47
1,27	65
1,28	57
1,29	50
1,3	45
1,30	51
1,31	54
1,32	45
1,33	60
1,34	63
1,35	53
1,36	58
1,37	55
1,38	53
1,39	51
1,4	55
1,40	50
1,41	60
1,42	56
1,43	57
1,44	52
1,45	52
1,46	54
1,47	53
1,48	55
1,49	50
1,5	55
1,50	44
1,51	44
1,52	57
1,53	54
1,54	46
1,55	54
1,56	45
1,57	52
1,58	51
1,59	49
1,6	53
1,60	46
1,61	52
1,62	62
1,63	52
1,64	50
1,65	56
1,66	46
1,67	52
1,68	56
1,69	60
1,7	53
1,70	65
1,71	51
1,72	54
1,73	52
1,74	44
1,75	52
1,76	55
1,77	45
1,78	55
1,79	47
1,8	55
1,80	53
1,81	50
1,82	52
1,83	57
1,84	60
1,85	59
1,86	48
1,87	58
1,88	55
1,89	52
1,9	54
1,90	46
1,91	47
1,92	54
1,93	50
1,94	63
1,95	48
1,96	59
1,97	53
1,98	49
1,99	53
10,0	38
10,1	42
10,10	45
10,11	47
10,12	47
10,13	45
10,14	39
10,15	48
10,16	41
10,17	53
10,18	52
10,19	51
10,2	47
10,20	43
10,21	38
10,22	50
10,23	51
10,24	52
10,25	40
10,26	47
10,27	51
10,28	44
10,29	51
10,3	49
10,30	55
10,31	54
10,32	49
10,33	51
10,34	55
10,35	45
10,36	50
10,37	53
10,38	46
10,39	44
10,4	52
10,40	49
10,41	51
10,42	45
10,43	51
10,44	46
10,45	42
10,46	47
10,47	39
10,48	44
10,49	44
10,5	43
10,50	39
10,51	39
10,52	45
10,53	44
10,54	38
10,55	43
10,56	45
10,57	45
10,58	41
10,59	53
10,6	46
10,60	43
10,61	53
10,62	55
10,63	54
10,64	43
10,65	42
10,66	49
10,67	41
10,68	45
10,69	53
10,7	46
10,70	51
10,71	45
10,72	48
10,73	52
10,74	46
10,75	47
10,76	45
10,77	47
10,78	51
10,79	44
10,8	55
10,80	50
10,81	43
10,82	44
10,83	41
10,84	46
10,85	50
10,86	40
10,87	54
10,88	47
10,89	38
10,9	52
10,90	46
10,91	38
10,92	44
10,93	41
10,94	54
10,95	51
10,96	49
10,97	57
10,98	46
10,99	50
11,0	49
11,1	49
11,10	47
11,11	46
11,12	60
11,13	51
11,14	43
11,15	55
11,16	53
11,17	63
11,18	53
11,19	63
11,2	48
11,20	53
11,21	46
11,22	50
11,23	56
11,24	61
11,25	41
11,26	53
11,27	56
11,28	57
11,29	51
11,3	54
11,30	59
11,31	58
11,32	43
11,33	60
11,34	55
11,35	57
11,36	59
11,37	57
11,38	53
11,39	57
11,4	60
11,40	50
11,41	63
11,42	55
11,43	58
11,44	52
11,45	53
11,46	58
11,47	54
11,48	55
11,49	52
11,5	46
11,50	44
11,51	47
11,52	53
11,53	57
11,54	50
11,55	54
11,56	49
11,57	49
11,58	45
11,59	51
11,6	52
11,60	56
11,61	52
11,62	58
11,63	50
11,64	49
11,65	54
11,66	52
11,67	53
11,68	56
11,69	60
11,7	50
11,70	54
11,71	47
11,72	54
11,73	47
11,74	48
11,75	51
11,76	56
11,77	56
11,78	57
11,79	49
11,8	68
11,80	51
11,81	51
11,82	61
11,83	50
11,84	56
11,85	53
11,86	50
11,87	53
11,88	49
11,89	47
11,9	57
11,90	46
11,91	49
11,92	47
11,93	46
11,94	67
11,95	52
11,96	61
11,97	57
11,98	55
11,99	61
12,0	49
12,1	46
12,10	53
12,11	45
12,12	50
12,13	46
12,14	42
12,15	52
12,16	50
12,17	58
12,18	53
12,19	50
12,2	50
12,20	55
12,21	47
12,22	53
12,23	51
12,24	58
12,25	46
12,26	58
12,27	55
12,28	56
12,29	42
12,3	52
12,30	49
12,31	56
12,32	46
12,33	55
12,34	57
12,35	51
12,36	62
12,37	49
12,38	53
12,39	53
12,4	64
12,40	48
12,41	60
12,42	49
12,43	52
12,44	45
12,45	42
12,46	52
12,47	51
12,48	56
12,49	51
12,5	49
12,50	41
12,51	54
12,52	53
12,53	50
12,54	51
12,55	51
12,56	47
12,57	48
12,58	47
12,59	42
12,6	49
12,60	48
12,61	56
12,62	58
12,63	43
12,64	42
12,65	51
12,66	58
12,67	51
12,68	52
12,69	52
12,7	55
12,70	59
12,71	44
12,72	57
12,73	50
12,74	46
12,75	44
12,76	61
12,77	43
12,78	56
12,79	41
12,8	60
12,80	50
12,81	40
12,82	53
12,83	51
12,84	53
12,85	54
12,86	49
12,87	53
12,88	53
12,89	52
12,9	57
12,90	48
12,91	46
12,92	47
12,93	49
12,94	64
12,95	58
12,96	59
12,97	61
12,98	50
12,99	52
13,0	44
13,1	48
13,10	52
13,11	51
13,12	57
13,13	52
13,14	44
13,15	48
13,16	58
13,17	57
13,18	54
13,19	50
13,2	49
13,20	51
13,21	53
13,22	53
13,23	52
13,24	56
13,25	46
13,26	49
13,27	53
13,28	56
13,29	46
13,3	50
13,30	57
13,31	49
13,32	49
13,33	56
13,34	62
13,35	50
13,36	56
13,37	53
13,38	51
13,39	53
13,4	64
13,40	51
13,41	56
13,42	50
13,43	57
13,44	42
13,45	49
13,46	55
13,47	52
13,48	50
13,49	55
13,5	45
13,50	52
13,51	43
13,52	50
13,53	52
13,54	49
13,55	55
13,56	46
13,57	47
13,58	51
13,59	50
13,6	54
13,60	51
13,61	52
13,62	57
13,63	49
13,64	47
13,65	49
13,66	52
13,67	54
13,68	55
13,69	62
13,7	56
13,70	50
13,71	44
13,72	52
13,73	48
13,74	43
13,75	42
13,76	56
13,77	48
13,78	58
13,79	52
13,8	56
13,80	55
13,81	46
13,82	57
13,83	46
13,84	51
13,85	55
13,86	50
13,87	58
13,88	52
13,89	49
13,9	54
13,90	49
13,91	39
13,92	50
13,93	49
13,94	55
13,95	52
13,96	61
13,97	54
13,98	48
13,99	53
14,0	47
14,1	50
14,10	55
14,11	53
14,12	57
14,13	58
14,14	48
14,15	59
14,16	56
14,17	56
14,18	55
14,19	47
14,2	49
14,20	56
14,21	46
14,22	58
14,23	59
14,24	60
14,25	47
14,26	55
14,27	51
14,28	59
14,29	44
14,3	50
14,30	54
14,31	51
14,32	44
14,33	50
14,34	56
14,35	52
14,36	54
14,37	53
14,38	51
14,39	54
14,4	54
14,40	53
14,41	65
14,42	54
14,43	59
14,44	48
14,45	53
14,46	53
14,47	50
14,48	57
14,49	50
14,5	52
14,50	42
14,51	45
14,52	58
14,53	46
14,54	49
14,55	49
14,56	43
14,57	49
14,58	57
14,59	50
14,6	50
14,60	49
14,61	56
14,62	58
14,63	51
14,64	50
14,65	54
14,66	56
14,67	53
14,68	50
14,69	65
14,7	59
14,70	58
14,71	49
14,72	61
14,73	46
14,74	50
14,75	50
14,76	58
14,77	42
14,78	56
14,79	40
14,8	56
14,80	53
14,81	49
14,82	57
14,83	54
14,84	54
14,85	61
14,86	47
14,87	59
14,88	48
14,89	46
14,9	55
14,90	49
14,91	43
14,92	56
14,93	58
14,94	59
14,95	57
14,96	62
14,97	57
14,98	51
14,99	58
15,0	46
15,1	47
15,10	45
15,11	46
15,12	51
15,13	47
15,14	44
15,15	53
15,16	54
15,17	47
15,18	46
15,19	48
15,2	45
15,20	43
15,21	43
15,22	54
15,23	57
15,24	48
15,25	42
15,26	49
15,27	53
15,28	47
15,29	47
15,3	50
15,30	47
15,31	49
15,32	45
15,33	52
15,34	52
15,35	45
15,36	60
15,37	47
15,38	44
15,39	51
15,4	51
15,40	45
15,41	53
15,42	52
15,43	49
15,44	45
15,45	42
15,46	49
15,47	50
15,48	52
15,49	46
15,5	47
15,50	42
15,51	41
15,52	48
15,53	54
15,54	50
15,55	41
15,56	41
15,57	54
15,58	46
15,59	46
15,6	42
15,60	49
15,61	47
15,62	52
15,63	41
15,64	43
15,65	43
15,66	50
15,67	43
15,68	48
15,69	55
15,7	49
15,70	55
15,71	44
15,72	46
15,73	44
15,74	45
15,75	40
15,76	52
15,77	49
15,78	49
15,79	49
15,8	57
15,80	53
15,81	55
15,82	46
15,83	43
15,84	45
15,85	58
15,86	47
15,87	52
15,88	41
15,89	42
15,9	49
15,90	52
15,91	38
15,92	47
15,93	43
15,94	53
15,95	49
15,96	45
15,97	53
15,98	42
15,99	46
16,0	51
16,1	43
16,10	37
16,11	41
16,12	43
16,13	38
16,14	39
16,15	45
16,16	49
16,17	56
16,18	45
16,19	45
16,2	41
16,20	41
16,21	45
16,22	39
16,23	48
16,24	50
16,25	34
16,26	42
16,27	52
16,28	51
16,29	41
16,3	44
16,30	42
16,31	41
16,32	40
16,33	46
16,34	49
16,35	51
16,36	41
16,37	47
16,38	42
16,39	46
16,4	52
16,40	44
16,41	48
16,42	52
16,43	43
16,44	46
16,45	41
16,46	45
16,47	40
16,48	42
16,49	43
16,5	38
16,50	41
16,51	43
16,52	51
16,53	42
16,54	42
16,55	39
16,56	40
16,57	40
16,58	41
16,59	36
16,6	39
16,60	41
16,61	46
16,62	52
16,63	41
16,64	42
16,65	45
16,66	42
16,67	46
16,68	49
16,69	50
16,7	47
16,70	46
16,71	44
16,72	47
16,73	49
16,74	39
16,75	41
16,76	51
16,77	40
16,78	43
16,79	43
16,8	50
16,80	44
16,81	45
16,82	49
16,83	48
16,84	40
16,85	56
16,86	39
16,87	48
16,88	46
16,89	43
16,9	46
16,90	45
16,91	40
16,92	42
16,93	43
16,94	45
16,95	46
16,96	48
16,97	44
16,98	42
16,99	46
17,0	46
17,1	51
17,10	53
17,11	55
17,12	51
17,13	47
17,14	47
17,15	51
17,16	57
17,17	55
17,18	54
17,19	50
17,2	50
17,20	50
17,21	45
17,22	49
17,23	57
17,24	51
17,25	38
17,26	46
17,27	57
17,28	54
17,29	45
17,3	45
17,30	53
17,31	62
17,32	55
17,33	49
17,34	60
17,35	48
17,36	51
17,37	51
17,38	44
17,39	55
17,4	54
17,40	46
17,41	58
17,42	55
17,43	52
17,44	46
17,45	45
17,46	50
17,47	49
17,48	44
17,49	54
17,5	55
17,50	44
17,51	39
17,52	60
17,53	46
17,54	48
17,55	49
17,56	48
17,57	51
17,58	51
17,59	46
17,6	43
17,60	45
17,61	50
17,62	55
17,63	46
17,64	50
17,65	51
17,66	48
17,67	50
17,68	50
17,69	60
17,7	51
17,70	50
17,71	46
17,72	52
17,73	44
17,74	46
17,75	55
17,76	52
17,77	46
17,78	50
17,79	49
17,8	56
17,80	50
17,81	48
17,82	48
17,83	52
17,84	54
17,85	60
17,86	49
17,87	60
17,88	48
17,89	49
17,9	53
17,90	48
17,91	46
17,92	49
17,93	45
17,94	59
17,95	47
17,96	53
17,97	50
17,98	52
17,99	45
18,0	43
18,1	47
18,10	54
18,11	49
18,12	50
18,13	44
18,14	39
18,15	54
18,16	47
18,17	49
18,18	46
18,19	53
18,2	39
18,20	42
18,21	44
18,22	51
18,23	48
18,24	44
18,25	43
18,26	51
18,27	52
18,28	46
18,29	43
18,3	48
18,30	44
18,31	50
18,32	43
18,33	47
18,34	56
18,35	47
18,36	53
18,37	42
18,38	46
18,39	35
18,4	53
18,40	42
18,41	58
18,42	51
18,43	48
18,44	42
18,45	42
18,46	50
18,47	50
18,48	58
18,49	47
18,5	47
18,50	43
18,51	37
18,52	47
18,53	45
18,54	51
18,55	48
18,56	43
18,57	48
18,58	43
18,59	46
18,6	46
18,60	40
18,61	51
18,62	57
18,63	40
18,64	49
18,65	49
18,66	54
18,67	45
18,68	50
18,69	46
18,7	46
18,70	58
18,71	40
18,72	54
18,73	47
18,74	45
18,75	47
18,76	50
18,77	45
18,78	58
18,79	43
18,8	52
18,80	47
18,81	46
18,82	48
18,83	50
18,84	46
18,85	54
18,86	42
18,87	50
18,88	42
18,89	45
18,9	54
18,90	50
18,91	41
18,92	46
18,93	49
18,94	57
18,95	49
18,96	52
18,97	45
18,98	42
18,99	49
19,0	49
19,1	49
19,10	49
19,11	51
19,12	58
19,13	53
19,14	52
19,15	56
19,16	56
19,17	59
19,18	54
19,19	52
19,2	47
19,20	51
19,21	53
19,22	58
19,23	55
19,24	54
19,25	53
19,26	55
19,27	61
19,28	60
19,29	52
19,3	51
19,30	47
19,31	60
19,32	50
19,33	60
19,34	63
19,35	59
19,36	55
19,37	49
19,38	55
19,39	55
19,4	56
19,40	47
19,41	53
19,42	52
19,43	56
19,44	44
19,45	45
19,46	53
19,47	52
19,48	58
19,49	51
19,5	47
19,50	44
19,51	47
19,52	59
19,53	56
19,54	51
19,55	57
19,56	45
19,57	50
19,58	41
19,59	51
19,6	49
19,60	47
19,61	55
19,62	47
19,63	49
19,64	50
19,65	55
19,66	55
19,67	53
19,68	52
19,69	48
19,7	53
19,70	61
19,71	51
19,72	60
19,73	46
19,74	42
19,75	52
19,76	62
19,77	51
19,78	56
19,79	53
19,8	54
19,80	53
19,81	50
19,82	54
19,83	58
19,84	54
19,85	57
19,86	43
19,87	57
19,88	54
19,89	49
19,9	56
19,90	51
19,91	47
19,92	59
19,93	46
19,94	65
19,95	48
19,96	55
19,97	56
19,98	50
19,99	55
2,0	43
2,1	46
2,10	41
2,11	46
2,12	53
2,13	47
2,14	50
2,15	38
2,16	49
2,17	47
2,18	48
2,19	53
2,2	48
2,20	46
2,21	48
2,22	41
2,23	50
2,24	42
2,25	37
2,26	46
2,27	51
2,28	50
2,29	42
2,3	42
2,30	45
2,31	38
2,32	43
2,33	49
2,34	51
2,35	44
2,36	49
2,37	56
2,38	42
2,39	46
2,4	54
2,40	48
2,41	52
2,42	46
2,43	40
2,44	41
2,45	39
2,46	51
2,47	47
2,48	51
2,49	53
2,5	46
2,50	44
2,51	39
2,52	49
2,53	48
2,54	44
2,55	44
2,56	35
2,57	40
2,58	38
2,59	44
2,6	42
2,60	39
2,61	50
2,62	44
2,63	44
2,64	41
2,65	44
2,66	44
2,67	46
2,68	45
2,69	48
2,7	51
2,70	55
2,71	39
2,72	44
2,73	45
2,74	39
2,75	42
2,76	52
2,77	44
2,78	49
2,79	49
2,8	50
2,80	44
2,81	42
2,82	43
2,83	43
2,84	47
2,85	58
2,86	44
2,87	52
2,88	44
2,89	39
2,9	43
2,90	43
2,91	36
2,92	45
2,93	41
2,94	51
2,95	47
2,96	49
2,97	46
2,98	42
2,99	44
20,0	36
20,1	46
20,10	49
20,11	51
20,12	51
20,13	48
20,14	43
20,15	45
20,16	52
20,17	51
20,18	56
20,19	44
20,2	48
20,20	48
20,21	47
20,22	43
20,23	53
20,24	52
20,25	41
20,26	44
20,27	53
20,28	52
20,29	46
20,3	49
20,30	53
20,31	56
20,32	50
20,33	46
20,34	51
20,35	50
20,36	53
20,37	47
20,38	42
20,39	46
20,4	53
20,40	44
20,41	52
20,42	46
20,43	55
20,44	44
20,45	39
20,46	60
20,47	48
20,48	45
20,49	49
20,5	43
20,50	41
20,51	36
20,52	53
20,53	47
20,54	48
20,55	47
20,56	43
20,57	48
20,58	43
20,59	50
20,6	41
20,60	38
20,61	46
20,62	50
20,63	46
20,64	47
20,65	43
20,66	46
20,67	47
20,68	52
20,69	53
20,7	46
20,70	53
20,71	40
20,72	59
20,73	52
20,74	41
20,75	46
20,76	52
20,77	49
20,78	51
20,79	47
20,8	56
20,80	49
20,81	41
20,82	48
20,83	43
20,84	48
20,85	53
20,86	46
20,87	49
20,88	42
20,89	49
20,9	52
20,90	49
20,91	42
20,92	48
20,93	55
20,94	57
20,95	50
20,96	56
20,97	52
20,98	49
20,99	47
21,0	42
21,1	47
21,10	47
21,11	54
21,12	52
21,13	46
21,14	41
21,15	47
21,16	54
21,17	55
21,18	52
21,19	52
21,2	42
21,20	47
21,21	43
21,22	47
21,23	51
21,24	46
21,25	38
21,26	50
21,27	50
21,28	54
21,29	43
21,3	51
21,30	48
21,31	45
21,32	49
21,33	52
21,34	61
21,35	47
21,36	52
21,37	51
21,38	47
21,39	49
21,4	47
21,40	46
21,41	50
21,42	46
21,43	52
21,44	42
21,45	46
21,46	48
21,47	52
21,48	46
21,49	44
21,5	44
21,50	37
21,51	41
21,52	54
21,53	51
21,54	47
21,55	44
21,56	43
21,57	46
21,58	48
21,59	51
21,6	41
21,60	42
21,61	49
21,62	46
21,63	53
21,64	52
21,65	41
21,66	44
21,67	52
21,68	50
21,69	51
21,7	44
21,70	53
21,71	43
21,72	52
21,73	46
21,74	37
21,75	45
21,76	49
21,77	48
21,78	43
21,79	43
21,8	48
21,80	40
21,81	45
21,82	45
21,83	44
21,84	50
21,85	54
21,86	38
21,87	53
21,88	45
21,89	47
21,9	54
21,90	40
21,91	47
21,92	46
21,93	51
21,94	57
21,95	53
21,96	56
21,97	45
21,98	48
21,99	50
22,0	46
22,1	50
22,10	46
22,11	53
22,12	62
22,13	49
22,14	45
22,15	56
22,16	49
22,17	56
22,18	51
22,19	58
22,2	50
22,20	53
22,21	45
22,22	49
22,23	52
22,24	59
22,25	39
22,26	52
22,27	59
22,28	55
22,29	48
22,3	45
22,30	52
22,31	54
22,32	44
22,33	50
22,34	54
22,35	49
22,36	63
22,37	58
22,38	53
22,39	49
22,4	56
22,40	52
22,41	62
22,42	50
22,43	55
22,44	46
22,45	50
22,46	61
22,47	49
22,48	60
22,49	58
22,5	39
22,50	47
22,51	47
22,52	49
22,53	47
22,54	50
22,55	53
22,56	43
22,57	48
22,58	51
22,59	52
22,6	51
22,60	37
22,61	47
22,62	53
22,63	59
22,64	42
22,65	48
22,66	52
22,67	51
22,68	53
22,69	58
22,7	51
22,70	61
22,71	42
22,72	50
22,73	53
22,74	50
22,75	48
22,76	52
22,77	50
22,78	50
22,79	43
22,8	57
22,80	53
22,81	48
22,82	52
22,83	52
22,84	54
22,85	60
22,86	51
22,87	55
22,88	52
22,89	49
22,9	60
22,90	50
22,91	47
22,92	50
22,93	48
22,94	64
22,95	58
22,96	63
22,97	55
22,98	48
22,99	57
23,0	47
23,1	49
23,10	49
23,11	43
23,12	53
23,13	48
23,14	37
23,15	46
23,16	47
23,17	57
23,18	50
23,19	52
23,2	48
23,20	48
23,21	49
23,22	48
23,23	49
23,24	48
23,25	40
23,26	48
23,27	56
23,28	54
23,29	47
23,3	43
23,30	49
23,31	58
23,32	44
23,33	58
23,34	54
23,35	51
23,36	52
23,37	56
23,38	50
23,39	46
23,4	51
23,40	45
23,41	51
23,42	43
23,43	53
23,44	49
23,45	46
23,46	47
23,47	47
23,48	53
23,49	51
23,5	45
23,50	38
23,51	45
23,52	47
23,53	44
23,54	48
23,55	49
23,56	42
23,57	49
23,58	46
23,59	43
23,6	45
23,60	39
23,61	52
23,62	49
23,63	47
23,64	45
23,65	57
23,66	49
23,67	47
23,68	50
23,69	49
23,7	50
23,70	50
23,71	51
23,72	58
23,73	48
23,74	40
23,75	52
23,76	52
23,77	45
23,78	49
23,79	53
23,8	55
23,80	47
23,81	41
23,82	56
23,83	47
23,84	47
23,85	52
23,86	44
23,87	58
23,88	47
23,89	46
23,9	50
23,90	50
23,91	41
23,92	49
23,93	55
23,94	53
23,95	48
23,96	55
23,97	56
23,98	44
23,99	51
24,0	41
24,1	41
24,10	43
24,11	47
24,12	49
24,13	44
24,14	41
24,15	47
24,16	50
24,17	47
24,18	44
24,19	43
24,2	50
24,20	41
24,21	41
24,22	48
24,23	54
24,24	55
24,25	37
24,26	54
24,27	51
24,28	44
24,29	41
24,3	43
24,30	45
24,31	52
24,32	43
24,33	49
24,34	50
24,35	47
24,36	52
24,37	48
24,38	41
24,39	47
24,4	49
24,40	45
24,41	54
24,42	50
24,43	50
24,44	41
24,45	42
24,46	50
24,47	44
24,48	50
24,49	46
24,5	44
24,50	45
24,51	42
24,52	46
24,53	44
24,54	44
24,55	47
24,56	34
24,57	44
24,58	45
24,59	43
24,6	40
24,60	40
24,61	47
24,62	53
24,63	45
24,64	46
24,65	51
24,66	49
24,67	44
24,68	49
24,69	55
24,7	48
24,70	50
24,71	47
24,72	54
24,73	46
24,74	42
24,75	44
24,76	47
24,77	48
24,78	56
24,79	42
24,8	51
24,80	45
24,81	40
24,82	49
24,83	43
24,84	44
24,85	48
24,86	39
24,87	54
24,88	41
24,89	46
24,9	50
24,90	52
24,91	37
24,92	47
24,93	44
24,94	54
24,95	52
24,96	52
24,97	49
24,98	47
24,99	45
25,0	38
25,1	44
25,10	40
25,11	43
25,12	47
25,13	39
25,14	42
25,15	39
25,16	46
25,17	49
25,18	44
25,19	51
25,2	40
25,20	47
25,21	44
25,22	42
25,23	47
25,24	49
25,25	36
25,26	42
25,27	47
25,28	48
25,29	43
25,3	43
25,30	46
25,31	44
25,32	41
25,33	46
25,34	47
25,35	51
25,36	48
25,37	45
25,38	40
25,39	45
25,4	45
25,40	41
25,41	54
25,42	38
25,43	44
25,44	47
25,45	44
25,46	44
25,47	40
25,48	54
25,49	48
25,5	42
25,50	35
25,51	33
25,52	46
25,53	39
25,54	46
25,55	44
25,56	37
25,57	46
25,58	39
25,59	43
25,6	31
25,60	35
25,61	48
25,62	44
25,63	46
25,64	43
25,65	40
25,66	40
25,67	42
25,68	43
25,69	48
25,7	43
25,70	43
25,71	44
25,72	45
25,73	46
25,74	46
25,75	46
25,76	46
25,77	43
25,78	45
25,79	44
25,8	55
25,80	50
25,81	36
25,82	49
25,83	42
25,84	49
25,85	50
25,86	47
25,87	44
25,88	44
25,89	39
25,9	46
25,90	48
25,91	43
25,92	44
25,93	45
25,94	53
25,95	41
25,96	49
25,97	45
25,98	45
25,99	45
26,0	46
26,1	42
26,10	53
26,11	53
26,12	51
26,13	51
26,14	44
26,15	49
26,16	50
26,17	59
26,18	51
26,19	46
26,2	49
26,20	52
26,21	44
26,22	52
26,23	56
26,24	56
26,25	46
26,26	53
26,27	54
26,28	55
26,29	43
26,3	53
26,30	50
26,31	53
26,32	49
26,33	55
26,34	56
26,35	53
26,36	59
26,37	57
26,38	45
26,39	47
26,4	52
26,40	56
26,41	59
26,42	55
26,43	57
26,44	45
26,45	47
26,46	55
26,47	45
26,48	50
26,49	42
26,5	47
26,50	46
26,51	46
26,52	52
26,53	54
26,54	49
26,55	43
26,56	37
26,57	51
26,58	52
26,59	49
26,6	48
26,60	47
26,61	53
26,62	54
26,63	49
26,64	47
26,65	49
26,66	54
26,67	51
26,68	51
26,69	57
26,7	55
26,70	52
26,71	47
26,72	59
26,73	48
26,74	50
26,75	47
26,76	53
26,77	48
26,78	54
26,79	39
26,8	52
26,80	54
26,81	44
26,82	51
26,83	51
26,84	50
26,85	55
26,86	48
26,87	58
26,88	43
26,89	46
26,9	49
26,90	57
26,91	41
26,92	53
26,93	46
26,94	55
26,95	55
26,96	57
26,97	56
26,98	52
26,99	51
27,0	44
27,1	42
27,10	43
27,11	47
27,12	49
27,13	41
27,14	41
27,15	49
27,16	47
27,17	51
27,18	58
27,19	45
27,2	43
27,20	40
27,21	46
27,22	50
27,23	52
27,24	52
27,25	48
27,26	43
27,27	52
27,28	49
27,29	47
27,3	42
27,30	47
27,31	44
27,32	44
27,33	46
27,34	50
27,35	47
27,36	52
27,37	57
27,38	45
27,39	50
27,4	55
27,40	44
27,41	54
27,42	49
27,43	53
27,44	44
27,45	45
27,46	54
27,47	43
27,48	50
27,49	48
27,5	37
27,50	44
27,51	47
27,52	53
27,53	42
27,54	51
27,55	46
27,56	50
27,57	43
27,58	47
27,59	42
27,6	49
27,60	38
27,61	44
27,62	46
27,63	45
27,64	46
27,65	40
27,66	44
27,67	48
27,68	47
27,69	53
27,7	49
27,70	52
27,71	41
27,72	50
27,73	46
27,74	42
27,75	44
27,76	47
27,77	40
27,78	48
27,79	45
27,8	56
27,80	47
27,81	45
27,82	51
27,83	45
27,84	50
27,85	53
27,86	44
27,87	51
27,88	54
27,89	42
27,9	52
27,90	49
27,91	42
27,92	49
27,93	51
27,94	56
27,95	40
27,96	50
27,97	45
27,98	42
27,99	45
28,0	54
28,1	52
28,10	57
28,11	49
28,12	63
28,13	54
28,14	55
28,15	60
28,16	55
28,17	69
28,18	58
28,19	52
28,2	51
28,20	53
28,21	51
28,22	58
28,23	58
28,24	60
28,25	48
28,26	49
28,27	67
28,28	65
28,29	50
28,3	54
28,30	51
28,31	57
28,32	52
28,33	52
28,34	58
28,35	58
28,36	63
28,37	53
28,38	54
28,39	55
28,4	60
28,40	52
28,41	65
28,42	53
28,43	53
28,44	61
28,45	56
28,46	54
28,47	47
28,48	67
28,49	56
28,5	56
28,50	43
28,51	51
28,52	59
28,53	51
28,54	55
28,55	54
28,56	52
28,57	56
28,58	54
28,59	52
28,6	46
28,60	47
28,61	55
28,62	61
28,63	52
28,64	51
28,65	53
28,66	50
28,67	52
28,68	58
28,69	59
28,7	53
28,70	63
28,71	60
28,72	57
28,73	52
28,74	54
28,75	52
28,76	63
28,77	52
28,78	59
28,79	49
28,8	65
28,80	60
28,81	55
28,82	57
28,83	53
28,84	58
28,85	61
28,86	47
28,87	55
28,88	55
28,89	48
28,9	49
28,90	54
28,91	51
28,92	51
28,93	57
28,94	63
28,95	58
28,96	56
28,97	56
28,98	47
28,99	62
29,0	50
29,1	47
29,10	55
29,11	48
29,12	55
29,13	45
29,14	45
29,15	51
29,16	54
29,17	49
29,18	48
29,19	47
29,2	44
29,20	44
29,21	44
29,22	51
29,23	48
29,24	47
29,25	47
29,26	45
29,27	54
29,28	54
29,29	46
29,3	39
29,30	46
29,31	46
29,32	45
29,33	49
29,34	52
29,35	46
29,36	53
29,37	48
29,38	51
29,39	42
29,4	56
29,40	48
29,41	51
29,42	50
29,43	47
29,44	54
29,45	44
29,46	52
29,47	41
29,48	47
29,49	46
29,5	44
29,50	41
29,51	39
29,52	49
29,53	48
29,54	47
29,55	43
29,56	42
29,57	54
29,58	42
29,59	43
29,6	43
29,60	41
29,61	55
29,62	51
29,63	46
29,64	44
29,65	51
29,66	52
29,67	45
29,68	54
29,69	50
29,7	51
29,70	56
29,71	48
29,72	49
29,73	50
29,74	44
29,75	46
29,76	55
29,77	38
29,78	51
29,79	48
29,8	54
29,80	50
29,81	41
29,82	54
29,83	55
29,84	49
29,85	55
29,86	44
29,87	52
29,88	49
29,89	42
29,9	50
29,90	45
29,91	43
29,92	47
29,93	51
29,94	57
29,95	50
29,96	51
29,97	44
29,98	49
29,99	46
3,0	45
3,1	45
3,10	44
3,11	56
3,12	51
3,13	43
3,14	40
3,15	54
3,16	49
3,17	52
3,18	52
3,19	41
3,2	46
3,20	44
3,21	42
3,22	51
3,23	47
3,24	56
3,25	40
3,26	46
3,27	48
3,28	52
3,29	46
3,3	46
3,30	46
3,31	51
3,32	45
3,33	47
3,34	44
3,35	52
3,36	50
3,37	54
3,38	48
3,39	49
3,4	47
3,40	44
3,41	60
3,42	41
3,43	50
3,44	43
3,45	46
3,46	51
3,47	44
3,48	51
3,49	49
3,5	41
3,50	42
3,51	42
3,52	50
3,53	46
3,54	47
3,55	47
3,56	36
3,57	41
3,58	43
3,59	47
3,6	49
3,60	39
3,61	44
3,62	48
3,63	47
3,64	47
3,65	45
3,66	39
3,67	48
3,68	50
3,69	53
3,7	47
3,70	54
3,71	43
3,72	49
3,73	43
3,74	40
3,75	43
3,76	43
3,77	45
3,78	49
3,79	40
3,8	48
3,80	41
3,81	46
3,82	47
3,83	39
3,84	51
3,85	57
3,86	47
3,87	49
3,88	53
3,89	46
3,9	56
3,90	42
3,91	44
3,92	48
3,93	51
3,94	54
3,95	41
3,96	52
3,97	49
3,98	45
3,99	47
30,0	49
30,1	43
30,10	47
30,11	47
30,12	56
30,13	48
30,14	42
30,15	50
30,16	54
30,17	54
30,18	51
30,19	50
30,2	51
30,20	51
30,21	50
30,22	52
30,23	54
30,24	55
30,25	39
30,26	43
30,27	55
30,28	56
30,29	49
30,3	52
30,30	48
30,31	58
30,32	47
30,33	51
30,34	59
30,35	54
30,36	57
30,37	49
30,38	45
30,39	39
30,4	55
30,40	45
30,41	53
30,42	56
30,43	56
30,44	50
30,45	52
30,46	58
30,47	44
30,48	51
30,49	49
30,5	50
30,50	46
30,51	44
30,52	53
30,53	46
30,54	40
30,55	46
30,56	44
30,57	52
30,58	52
30,59	46
30,6	46
30,60	36
30,61	55
30,62	54
30,63	53
30,64	50
30,65	50
30,66	51
30,67	46
30,68	56
30,69	56
30,7	52
30,70	58
30,71	51
30,72	55
30,73	49
30,74	48
30,75	56
30,76	49
30,77	38
30,78	51
30,79	49
30,8	56
30,80	47
30,81	43
30,82	52
30,83	46
30,84	58
30,85	55
30,86	43
30,87	56
30,88	55
30,89	47
30,9	49
30,90	44
30,91	44
30,92	45
30,93	55
30,94	57
30,95	46
30,96	55
30,97	48
30,98	47
30,99	55
31,0	38
31,1	50
31,10	44
31,11	44
31,12	55
31,13	51
31,14	43
31,15	51
31,16	52
31,17	51
31,18	56
31,19	49
31,2	44
31,20	50
31,21	46
31,22	49
31,23	53
31,24	52
31,25	38
31,26	49
31,27	51
31,28	49
31,29	49
31,3	38
31,30	46
31,31	48
31,32	45
31,33	44
31,34	51
31,35	43
31,36	52
31,37	51
31,38	45
31,39	50
31,4	58
31,40	47
31,41	57
31,42	48
31,43	53
31,44	43
31,45	46
31,46	51
31,47	43
31,48	54
31,49	44
31,5	50
31,50	40
31,51	39
31,52	50
31,53	41
31,54	49
31,55	47
31,56	47
31,57	49
31,58	46
31,59	48
31,6	47
31,60	45
31,61	46
31,62	50
31,63	47
31,64	46
31,65	42
31,66	50
31,67	48
31,68	49
31,69	52
31,7	51
31,70	53
31,71	52
31,72	54
31,73	42
31,74	45
31,75	46
31,76	52
31,77	47
31,78	46
31,79	52
31,8	54
31,80	44
31,81	39
31,82	52
31,83	46
31,84	49
31,85	54
31,86	37
31,87	55
31,88	51
31,89	47
31,9	47
31,90	46
31,91	47
31,92	49
31,93	55
31,94	54
31,95	47
31,96	52
31,97	50
31,98	48
31,99	64
32,0	48
32,1	52
32,10	49
32,11	47
32,12	54
32,13	44
32,14	43
32,15	49
32,16	53
32,17	56
32,18	49
32,19	45
32,2	50
32,20	45
32,21	57
32,22	51
32,23	53
32,24	53
32,25	43
32,26	48
32,27	57
32,28	48
32,29	50
32,3	48
32,30	47
32,31	56
32,32	48
32,33	52
32,34	60
32,35	52
32,36	54
32,37	52
32,38	43
32,39	51
32,4	54
32,40	46
32,41	47
32,42	44
32,43	57
32,44	48
32,45	48
32,46	49
32,47	51
32,48	51
32,49	49
32,5	47
32,50	41
32,51	47
32,52	54
32,53	52
32,54	53
32,55	49
32,56	47
32,57	49
32,58	45
32,59	43
32,6	48
32,60	46
32,61	46
32,62	52
32,63	54
32,64	43
32,65	49
32,66	51
32,67	49
32,68	48
32,69	50
32,7	52
32,70	55
32,71	43
32,72	56
32,73	48
32,74	49
32,75	49
32,76	60
32,77	50
32,78	49
32,79	49
32,8	60
32,80	56
32,81	51
32,82	49
32,83	54
32,84	54
32,85	51
32,86	41
32,87	53
32,88	53
32,89	51
32,9	50
32,90	49
32,91	46
32,92	43
32,93	53
32,94	61
32,95	45
32,96	55
32,97	59
32,98	46
32,99	54
33,0	50
33,1	44
33,10	49
33,11	48
33,12	57
33,13	56
33,14	46
33,15	48
33,16	52
33,17	59
33,18	54
33,19	53
33,2	43
33,20	51
33,21	46
33,22	49
33,23	54
33,24	55
33,25	47
33,26	46
33,27	62
33,28	54
33,29	53
33,3	47
33,30	49
33,31	51
33,32	46
33,33	52
33,34	57
33,35	54
33,36	56
33,37	63
33,38	55
33,39	51
33,4	62
33,40	51
33,41	63
33,42	51
33,43	56
33,44	51
33,45	47
33,46	51
33,47	42
33,48	56
33,49	48
33,5	48
33,50	49
33,51	43
33,52	59
33,53	47
33,54	50
33,55	54
33,56	47
33,57	52
33,58	49
33,59	49
33,6	52
33,60	41
33,61	55
33,62	61
33,63	51
33,64	49
33,65	43
33,66	47
33,67	45
33,68	55
33,69	53
33,7	60
33,70	58
33,71	54
33,72	47
33,73	47
33,74	50
33,75	50
33,76	53
33,77	47
33,78	58
33,79	47
33,8	61
33,80	48
33,81	50
33,82	56
33,83	51
33,84	51
33,85	58
33,86	50
33,87	51
33,88	59
33,89	48
33,9	49
33,90	53
33,91	50
33,92	44
33,93	47
33,94	57
33,95	45
33,96	57
33,97	54
33,98	52
33,99	49
34,0	50
34,1	48
34,10	59
34,11	50
34,12	55
34,13	54
34,14	49
34,15	48
34,16	57
34,17	60
34,18	56
34,19	49
34,2	55
34,20	50
34,21	56
34,22	53
34,23	54
34,24	57
34,25	51
34,26	57
34,27	63
34,28	56
34,29	49
34,3	53
34,30	59
34,31	55
34,32	52
34,33	50
34,34	60
34,35	54
34,36	55
34,37	57
34,38	53
34,39	50
34,4	53
34,40	52
34,41	58
34,42	50
34,43	58
34,44	53
34,45	53
34,46	51
34,47	54
34,48	55
34,49	46
34,5	51
34,50	49
34,51	52
34,52	60
34,53	53
34,54	55
34,55	51
34,56	48
34,57	51
34,58	48
34,59	49
34,6	51
34,60	49
34,61	53
34,62	59
34,63	44
34,64	48
34,65	56
34,66	54
34,67	56
34,68	51
34,69	54
34,7	57
34,70	57
34,71	45
34,72	59
34,73	51
34,74	47
34,75	50
34,76	60
34,77	53
34,78	56
34,79	55
34,8	59
34,80	51
34,81	55
34,82	62
34,83	57
34,84	58
34,85	61
34,86	53
34,87	56
34,88	53
34,89	53
34,9	56
34,90	50
34,91	46
34,92	44
34,93	50
34,94	58
34,95	47
34,96	62
34,97	62
34,98	54
34,99	56
35,0	48
35,1	51
35,10	44
35,11	47
35,12	56
35,13	47
35,14	44
35,15	47
35,16	53
35,17	49
35,18	44
35,19	49
35,2	52
35,20	49
35,21	49
35,22	46
35,23	47
35,24	50
35,25	43
35,26	49
35,27	58
35,28	48
35,29	51
35,3	49
35,30	46
35,31	57
35,32	48
35,33	49
35,34	53
35,35	48
35,36	49
35,37	55
35,38	46
35,39	46
35,4	56
35,40	47
35,41	56
35,42	46
35,43	55
35,44	42
35,45	48
35,46	49
35,47	45
35,48	56
35,49	48
35,5	45
35,50	40
35,51	44
35,52	49
35,53	52
35,54	48
35,55	49
35,56	42
35,57	51
35,58	48
35,59	49
35,6	43
35,60	46
35,61	53
35,62	48
35,63	43
35,64	47
35,65	50
35,66	44
35,67	42
35,68	49
35,69	52
35,7	51
35,70	54
35,71	49
35,72	53
35,73	45
35,74	44
35,75	55
35,76	53
35,77	49
35,78	52
35,79	43
35,8	50
35,80	44
35,81	42
35,82	49
35,83	48
35,84	50
35,85	53
35,86	44
35,87	53
35,88	51
35,89	47
35,9	50
35,90	45
35,91	47
35,92	46
35,93	45
35,94	56
35,95	48
35,96	53
35,97	54
35,98	57
35,99	46
36,0	40
36,1	38
36,10	45
36,11	43
36,12	48
36,13	44
36,14	44
36,15	50
36,16	45
36,17	46
36,18	50
36,19	44
36,2	35
36,20	46
36,21	44
36,22	45
36,23	48
36,24	49
36,25	34
36,26	42
36,27	48
36,28	48
36,29	38
36,3	43
36,30	44
36,31	46
36,32	42
36,33	47
36,34	49
36,35	43
36,36	52
36,37	44
36,38	40
36,39	47
36,4	49
36,40	35
36,41	53
36,42	42
36,43	48
36,44	43
36,45	40
36,46	49
36,47	43
36,48	53
36,49	45
36,5	40
36,50	36
36,51	38
36,52	46
36,53	43
36,54	44
36,55	46
36,56	39
36,57	41
36,58	49
36,59	46
36,6	37
36,60	34
36,61	45
36,62	53
36,63	40
36,64	45
36,65	38
36,66	39
36,67	35
36,68	46
36,69	44
36,7	39
36,70	52
36,71	37
36,72	44
36,73	45
36,74	39
36,75	52
36,76	46
36,77	42
36,78	49
36,79	39
36,8	53
36,80	45
36,81	36
36,82	45
36,83	46
36,84	39
36,85	54
36,86	46
36,87	42
36,88	42
36,89	37
36,9	44
36,90	42
36,91	38
36,92	43
36,93	42
36,94	53
36,95	47
36,96	47
36,97	41
36,98	38
36,99	42
37,0	55
37,1	55
37,10	55
37,11	58
37,12	61
37,13	56
37,14	52
37,15	53
37,16	68
37,17	66
37,18	65
37,19	63
37,2	53
37,20	60
37,21	57
37,22	57
37,23	57
37,24	65
37,25	42
37,26	57
37,27	65
37,28	59
37,29	54
37,3	57
37,30	58
37,31	68
37,32	52
37,33	66
37,34	70
37,35	55
37,36	64
37,37	61
37,38	54
37,39	56
37,4	60
37,40	54
37,41	69
37,42	56
37,43	59
37,44	50
37,45	54
37,46	62
37,47	53
37,48	57
37,49	57
37,5	57
37,50	47
37,51	57
37,52	62
37,53	55
37,54	57
37,55	60
37,56	56
37,57	58
37,58	58
37,59	50
37,6	52
37,60	53
37,61	55
37,62	64
37,63	52
37,64	59
37,65	64
37,66	56
37,67	53
37,68	56
37,69	59
37,7	61
37,70	65
37,71	53
37,72	61
37,73	55
37,74	56
37,75	58
37,76	66
37,77	57
37,78	63
37,79	56
37,8	65
37,80	59
37,81	53
37,82	59
37,83	54
37,84	61
37,85	63
37,86	55
37,87	62
37,88	66
37,89	58
37,9	59
37,90	48
37,91	55
37,92	64
37,93	62
37,94	70
37,95	52
37,96	62
37,97	60
37,98	52
37,99	61
38,0	41
38,1	40
38,10	49
38,11	44
38,12	47
38,13	40
38,14	40
38,15	47
38,16	51
38,17	47
38,18	42
38,19	40
38,2	36
38,20	40
38,21	45
38,22	45
38,23	49
38,24	46
38,25	42
38,26	43
38,27	44
38,28	43
38,29	46
38,3	42
38,30	43
38,31	45
38,32	37
38,33	49
38,34	44
38,35	44
38,36	53
38,37	45
38,38	37
38,39	43
38,4	48
38,40	39
38,41	46
38,42	44
38,43	46
38,44	43
38,45	39
38,46	43
38,47	43
38,48	43
38,49	38
38,5	41
38,50	46
38,51	37
38,52	47
38,53	49
38,54	47
38,55	45
38,56	34
38,57	46
38,58	49
38,59	44
38,6	43
38,60	38
38,61	47
38,62	47
38,63	44
38,64	45
38,65	42
38,66	38
38,67	43
38,68	45
38,69	42
38,7	41
38,70	48
38,71	34
38,72	47
38,73	43
38,74	41
38,75	49
38,76	54
38,77	46
38,78	40
38,79	41
38,8	47
38,80	45
38,81	44
38,82	46
38,83	41
38,84	42
38,85	44
38,86	39
38,87	50
38,88	44
38,89	44
38,9	44
38,90	43
38,91	38
38,92	46
38,93	37
38,94	51
38,95	49
38,96	51
38,97	53
38,98	45
38,99	39
39,0	37
39,1	35
39,10	44
39,11	38
39,12	53
39,13	45
39,14	33
39,15	41
39,16	49
39,17	43
39,18	42
39,19	41
39,2	36
39,20	40
39,21	39
39,22	44
39,23	45
39,24	46
39,25	30
39,26	36
39,27	42
39,28	47
39,29	41
39,3	40
39,30	40
39,31	43
39,32	37
39,33	45
39,34	46
39,35	39
39,36	49
39,37	45
39,38	42
39,39	35
39,4	50
39,40	42
39,41	47
39,42	43
39,43	48
39,44	36
39,45	38
39,46	52
39,47	43
39,48	39
39,49	35
39,5	39
39,50	34
39,51	31
39,52	47
39,53	40
39,54	41
39,55	40
39,56	32
39,57	37
39,58	41
39,59	36
39,6	40
39,60	40
39,61	45
39,62	44
39,63	41
39,64	41
39,65	40
39,66	44
39,67	37
39,68	38
39,69	48
39,7	47
39,70	47
39,71	40
39,72	40
39,73	39
39,74	40
39,75	37
39,76	45
39,77	42
39,78	40
39,79	34
39,8	49
39,80	37
39,81	44
39,82	49
39,83	37
39,84	35
39,85	44
39,86	37
39,87	51
39,88	40
39,89	35
39,9	44
39,90	38
39,91	37
39,92	39
39,93	41
39,94	52
39,95	41
39,96	49
39,97	41
39,98	37
39,99	43
4,0	47
4,1	44
4,10	49
4,11	49
4,12	53
4,13	44
4,14	37
4,15	60
4,16	59
4,17	59
4,18	48
4,19	47
4,2	45
4,20	44
4,21	40
4,22	53
4,23	60
4,24	52
4,25	41
4,26	45
4,27	52
4,28	51
4,29	49
4,3	49
4,30	49
4,31	58
4,32	45
4,33	49
4,34	50
4,35	46
4,36	49
4,37	49
4,38	46
4,39	44
4,4	48
4,40	49
4,41	49
4,42	54
4,43	54
4,44	45
4,45	45
4,46	52
4,47	49
4,48	45
4,49	46
4,5	43
4,50	35
4,51	40
4,52	51
4,53	45
4,54	47
4,55	51
4,56	42
4,57	52
4,58	48
4,59	43
4,6	41
4,60	45
4,61	56
4,62	52
4,63	47
4,64	40
4,65	39
4,66	50
4,67	53
4,68	41
4,69	56
4,7	52
4,70	50
4,71	46
4,72	51
4,73	48
4,74	40
4,75	44
4,76	53
4,77	46
4,78	51
4,79	41
4,8	59
4,80	55
4,81	47
4,82	57
4,83	52
4,84	49
4,85	50
4,86	45
4,87	58
4,88	48
4,89	41
4,9	48
4,90	46
4,91	47
4,92	47
4,93	52
4,94	50
4,95	50
4,96	54
4,97	51
4,98	49
4,99	54
40,0	52
40,1	55
40,10	50
40,11	50
40,12	60
40,13	45
40,14	48
40,15	47
40,16	58
40,17	57
40,18	49
40,19	56
40,2	58
40,20	47
40,21	55
40,22	57
40,23	57
40,24	60
40,25	44
40,26	52
40,27	60
40,28	53
40,29	48
40,3	46
40,30	53
40,31	56
40,32	48
40,33	49
40,34	55
40,35	55
40,36	59
40,37	58
40,38	55
40,39	52
40,4	53
40,40	47
40,41	65
40,42	55
40,43	60
40,44	47
40,45	53
40,46	55
40,47	52
40,48	62
40,49	54
40,5	43
40,50	54
40,51	49
40,52	54
40,53	54
40,54	58
40,55	49
40,56	40
40,57	58
40,58	51
40,59	51
40,6	47
40,60	44
40,61	54
40,62	51
40,63	51
40,64	49
40,65	51
40,66	48
40,67	51
40,68	52
40,69	57
40,7	55
40,70	57
40,71	47
40,72	60
40,73	50
40,74	49
40,75	55
40,76	60
40,77	47
40,78	55
40,79	49
40,8	60
40,80	51
40,81	49
40,82	57
40,83	49
40,84	61
40,85	67
40,86	46
40,87	59
40,88	54
40,89	52
40,9	51
40,90	53
40,91	43
40,92	50
40,93	57
40,94	55
40,95	51
40,96	54
40,97	57
40,98	58
40,99	55
41,0	40
41,1	43
41,10	44
41,11	45
41,12	48
41,13	46
41,14	33
41,15	49
41,16	50
41,17	51
41,18	53
41,19	40
41,2	45
41,20	51
41,21	43
41,22	46
41,23	55
41,24	54
41,25	33
41,26	49
41,27	54
41,28	43
41,29	49
41,3	45
41,30	48
41,31	46
41,32	44
41,33	41
41,34	48
41,35	44
41,36	55
41,37	55
41,38	50
41,39	46
41,4	52
41,40	41
41,41	56
41,42	50
41,43	53
41,44	44
41,45	42
41,46	54
41,47	41
41,48	50
41,49	43
41,5	41
41,50	36
41,51	46
41,52	47
41,53	41
41,54	44
41,55	42
41,56	41
41,57	41
41,58	44
41,59	46
41,6	43
41,60	37
41,61	50
41,62	52
41,63	41
41,64	46
41,65	42
41,66	45
41,67	49
41,68	48
41,69	52
41,7	57
41,70	47
41,71	40
41,72	54
41,73	45
41,74	41
41,75	41
41,76	46
41,77	41
41,78	47
41,79	44
41,8	47
41,80	47
41,81	45
41,82	47
41,83	46
41,84	47
41,85	49
41,86	41
41,87	52
41,88	44
41,89	43
41,9	41
41,90	47
41,91	40
41,92	40
41,93	48
41,94	50
41,95	45
41,96	53
41,97	46
41,98	44
41,99	55
42,0	53
42,1	56
42,10	45
42,11	51
42,12	61
42,13	55
42,14	52
42,15	49
42,16	56
42,17	65
42,18	51
42,19	53
42,2	51
42,20	57
42,21	58
42,22	53
42,23	57
42,24	54
42,25	40
42,26	49
42,27	63
42,28	55
42,29	50
42,3	52
42,30	53
42,31	55
42,32	55
42,33	55
42,34	59
42,35	50
42,36	56
42,37	63
42,38	58
42,39	51
42,4	58
42,40	51
42,41	62
42,42	50
42,43	55
42,44	50
42,45	46
42,46	51
42,47	42
42,48	48
42,49	51
42,5	46
42,50	42
42,51	50
42,52	58
42,53	47
42,54	48
42,55	50
42,56	42
42,57	58
42,58	51
42,59	49
42,6	51
42,60	47
42,61	53
42,62	59
42,63	54
42,64	46
42,65	47
42,66	44
42,67	51
42,68	55
42,69	55
42,7	52
42,70	58
42,71	55
42,72	51
42,73	51
42,74	45
42,75	54
42,76	55
42,77	48
42,78	53
42,79	47
42,8	59
42,80	47
42,81	36
42,82	55
42,83	56
42,84	60
42,85	62
42,86	51
42,87	58
42,88	55
42,89	50
42,9	53
42,90	45
42,91	45
42,92	49
42,93	54
42,94	58
42,95	55
42,96	61
42,97	52
42,98	52
42,99	55
43,0	60
43,1	67
43,10	61
43,11	65
43,12	65
43,13	58
43,14	56
43,15	64
43,16	68
43,17	71
43,18	64
43,19	63
43,2	61
43,20	68
43,21	64
43,22	64
43,23	74
43,24	71
43,25	51
43,26	66
43,27	70
43,28	67
43,29	61
43,3	71
43,30	66
43,31	69
43,32	61
43,33	68
43,34	78
43,35	66
43,36	72
43,37	70
43,38	66
43,39	69
43,4	72
43,40	63
43,41	69
43,42	66
43,43	72
43,44	62
43,45	63
43,46	66
43,47	68
43,48	65
43,49	53
43,5	59
43,50	57
43,51	55
43,52	69
43,53	69
43,54	63
43,55	58
43,56	56
43,57	69
43,58	62
43,59	67
43,6	60
43,60	53
43,61	69
43,62	71
43,63	63
43,64	63
43,65	62
43,66	64
43,67	64
43,68	72
43,69	70
43,7	67
43,70	71
43,71	58
43,72	72
43,73	60
43,74	56
43,75	62
43,76	70
43,77	60
43,78	66
43,79	57
43,8	70
43,80	70
43,81	60
43,82	61
43,83	62
43,84	65
43,85	77
43,86	54
43,87	71
43,88	58
43,89	61
43,9	68
43,90	63
43,91	53
43,92	61
43,93	67
43,94	75
43,95	67
43,96	66
43,97	71
43,98	65
43,99	69
44,0	50
44,1	50
44,10	53
44,11	53
44,12	52
44,13	48
44,14	44
44,15	56
44,16	59
44,17	58
44,18	51
44,19	49
44,2	50
44,20	51
44,21	49
44,22	51
44,23	59
44,24	58
44,25	46
44,26	47
44,27	58
44,28	55
44,29	49
44,3	40
44,30	50
44,31	51
44,32	45
44,33	49
44,34	49
44,35	49
44,36	57
44,37	56
44,38	46
44,39	47
44,4	58
44,40	52
44,41	61
44,42	52
44,43	54
44,44	48
44,45	43
44,46	53
44,47	46
44,48	53
44,49	56
44,5	46
44,50	50
44,51	45
44,52	56
44,53	43
44,54	54
44,55	53
44,56	38
44,57	51
44,58	50
44,59	43
44,6	45
44,60	43
44,61	51
44,62	48
44,63	49
44,64	45
44,65	51
44,66	52
44,67	61
44,68	49
44,69	57
44,7	51
44,70	54
44,71	41
44,72	59
44,73	49
44,74	42
44,75	45
44,76	57
44,77	50
44,78	51
44,79	49
44,8	55
44,80	48
44,81	50
44,82	51
44,83	52
44,84	57
44,85	53
44,86	42
44,87	59
44,88	48
44,89	50
44,9	49
44,90	55
44,91	48
44,92	51
44,93	50
44,94	59
44,95	53
44,96	55
44,97	62
44,98	48
44,99	57
45,0	51
45,1	54
45,10	48
45,11	51
45,12	52
45,13	50
45,14	45
45,15	53
45,16	56
45,17	60
45,18	50
45,19	53
45,2	45
45,20	50
45,21	48
45,22	55
45,23	50
45,24	57
45,25	48
45,26	46
45,27	57
45,28	50
45,29	39
45,3	54
45,30	56
45,31	52
45,32	43
45,33	57
45,34	57
45,35	63
45,36	54
45,37	59
45,38	53
45,39	43
45,4	55
45,40	50
45,41	61
45,42	51
45,43	56
45,44	52
45,45	53
45,46	52
45,47	52
45,48	53
45,49	51
45,5	51
45,50	45
45,51	47
45,52	52
45,53	50
45,54	47
45,55	53
45,56	39
45,57	50
45,58	50
45,59	41
45,6	47
45,60	41
45,61	50
45,62	50
45,63	50
45,64	46
45,65	55
45,66	49
45,67	54
45,68	57
45,69	51
45,7	52
45,70	60
45,71	49
45,72	57
45,73	55
45,74	48
45,75	50
45,76	53
45,77	49
45,78	57
45,79	46
45,8	58
45,80	51
45,81	44
45,82	53
45,83	50
45,84	52
45,85	56
45,86	44
45,87	50
45,88	54
45,89	46
45,9	53
45,90	48
45,91	48
45,92	55
45,93	53
45,94	56
45,95	47
45,96	58
45,97	47
45,98	52
45,99	48
46,0	48
46,1	46
46,10	48
46,11	53
46,12	55
46,13	46
46,14	48
46,15	44
46,16	56
46,17	47
46,18	55
46,19	48
46,2	51
46,20	51
46,21	47
46,22	54
46,23	53
46,24	50
46,25	39
46,26	51
46,27	57
46,28	50
46,29	50
46,3	45
46,30	55
46,31	53
46,32	51
46,33	40
46,34	56
46,35	50
46,36	49
46,37	53
46,38	45
46,39	54
46,4	52
46,40	50
46,41	53
46,42	48
46,43	55
46,44	46
46,45	52
46,46	54
46,47	53
46,48	50
46,49	40
46,5	45
46,50	43
46,51	44
46,52	56
46,53	48
46,54	52
46,55	39
46,56	46
46,57	49
46,58	57
46,59	52
46,6	45
46,60	46
46,61	52
46,62	55
46,63	41
46,64	45
46,65	50
46,66	42
46,67	47
46,68	51
46,69	50
46,7	51
46,70	52
46,71	49
46,72	55
46,73	43
46,74	43
46,75	54
46,76	52
46,77	47
46,78	51
46,79	48
46,8	49
46,80	54
46,81	44
46,82	48
46,83	48
46,84	45
46,85	57
46,86	39
46,87	58
46,88	47
46,89	46
46,9	55
46,90	50
46,91	41
46,92	46
46,93	49
46,94	59
46,95	47
46,96	55
46,97	50
46,98	51
46,99	53
47,0	49
47,1	46
47,10	55
47,11	52
47,12	50
47,13	45
47,14	40
47,15	55
47,16	59
47,17	54
47,18	49
47,19	52
47,2	45
47,20	48
47,21	44
47,22	54
47,23	54
47,24	53
47,25	41
47,26	45
47,27	61
47,28	52
47,29	52
47,3	51
47,30	56
47,31	56
47,32	46
47,33	46
47,34	53
47,35	54
47,36	57
47,37	52
47,38	45
47,39	51
47,4	49
47,40	49
47,41	56
47,42	55
47,43	54
47,44	50
47,45	53
47,46	55
47,47	49
47,48	51
47,49	49
47,5	46
47,50	42
47,51	42
47,52	51
47,53	48
47,54	49
47,55	46
47,56	49
47,57	52
47,58	53
47,59	47
47,6	48
47,60	47
47,61	51
47,62	55
47,63	46
47,64	47
47,65	53
47,66	50
47,67	44
47,68	49
47,69	62
47,7	49
47,70	53
47,71	43
47,72	56
47,73	54
47,74	44
47,75	46
47,76	52
47,77	50
47,78	50
47,79	53
47,8	57
47,80	48
47,81	44
47,82	57
47,83	62
47,84	53
47,85	58
47,86	53
47,87	55
47,88	54
47,89	43
47,9	52
47,90	49
47,91	44
47,92	47
47,93	43
47,94	54
47,95	41
47,96	53
47,97	55
47,98	51
47,99	50
48,0	42
48,1	45
48,10	50
48,11	49
48,12	61
48,13	43
48,14	44
48,15	52
48,16	60
48,17	57
48,18	58
48,19	51
48,2	46
48,20	51
48,21	49
48,22	46
48,23	52
48,24	51
48,25	32
48,26	46
48,27	53
48,28	48
48,29	48
48,3	40
48,30	56
48,31	47
48,32	45
48,33	55
48,34	50
48,35	43
48,36	53
48,37	49
48,38	51
48,39	48
48,4	52
48,40	50
48,41	57
48,42	49
48,43	61
48,44	52
48,45	47
48,46	51
48,47	50
48,48	43
48,49	45
48,5	42
48,50	43
48,51	33
48,52	59
48,53	49
48,54	47
48,55	51
48,56	44
48,57	47
48,58	50
48,59	47
48,6	51
48,60	41
48,61	44
48,62	58
48,63	46
48,64	48
48,65	53
48,66	46
48,67	48
48,68	45
48,69	54
48,7	47
48,70	53
48,71	44
48,72	54
48,73	50
48,74	50
48,75	46
48,76	55
48,77	47
48,78	46
48,79	50
48,8	61
48,80	44
48,81	46
48,82	54
48,83	49
48,84	46
48,85	54
48,86	49
48,87	48
48,88	50
48,89	45
48,9	53
48,90	43
48,91	45
48,92	45
48,93	52
48,94	59
48,95	46
48,96	56
48,97	49
48,98	47
48,99	47
49,0	50
49,1	52
49,10	45
49,11	48
49,12	55
49,13	42
49,14	40
49,15	49
49,16	52
49,17	54
49,18	43
49,19	48
49,2	45
49,20	50
49,21	51
49,22	50
49,23	52
49,24	51
49,25	40
49,26	49
49,27	53
49,28	55
49,29	44
49,3	45
49,30	51
49,31	56
49,32	44
49,33	48
49,34	53
49,35	45
49,36	52
49,37	44
49,38	46
49,39	43
49,4	51
49,40	54
49,41	56
49,42	46
49,43	52
49,44	42
49,45	45
49,46	56
49,47	50
49,48	47
49,49	47
49,5	41
49,50	41
49,51	48
49,52	48
49,53	50
49,54	55
49,55	49
49,56	38
49,57	52
49,58	48
49,59	43
49,6	38
49,60	44
49,61	54
49,62	48
49,63	41
49,64	46
49,65	49
49,66	47
49,67	42
49,68	51
49,69	44
49,7	40
49,70	59
49,71	48
49,72	52
49,73	44
49,74	40
49,75	48
49,76	56
49,77	43
49,78	49
49,79	43
49,8	54
49,80	49
49,81	44
49,82	50
49,83	43
49,84	51
49,85	57
49,86	47
49,87	52
49,88	45
49,89	45
49,9	56
49,90	46
49,91	39
49,92	49
49,93	50
49,94	56
49,95	51
49,96	54
49,97	54
49,98	52
49,99	52
5,0	44
5,1	47
5,10	46
5,11	48
5,12	51
5,13	45
5,14	39
5,15	56
5,16	53
5,17	50
5,18	50
5,19	51
5,2	46
5,20	48
5,21	42
5,22	48
5,23	48
5,24	57
5,25	41
5,26	44
5,27	54
5,28	50
5,29	47
5,3	47
5,30	47
5,31	54
5,32	50
5,33	49
5,34	53
5,35	55
5,36	50
5,37	52
5,38	48
5,39	47
5,4	54
5,40	44
5,41	53
5,42	48
5,43	49
5,44	42
5,45	46
5,46	52
5,47	51
5,48	49
5,49	43
5,5	49
5,50	45
5,51	44
5,52	55
5,53	46
5,54	49
5,55	50
5,56	42
5,57	52
5,58	45
5,59	41
5,6	44
5,60	42
5,61	54
5,62	53
5,63	49
5,64	39
5,65	42
5,66	45
5,67	50
5,68	48
5,69	50
5,7	49
5,70	53
5,71	40
5,72	49
5,73	45
5,74	36
5,75	44
5,76	53
5,77	45
5,78	55
5,79	42
5,8	57
5,80	40
5,81	39
5,82	50
5,83	47
5,84	51
5,85	52
5,86	38
5,87	50
5,88	49
5,89	52
5,9	52
5,90	43
5,91	46
5,92	41
5,93	44
5,94	53
5,95	50
5,96	52
5,97	51
5,98	50
5,99	49
50,0	55
50,1	57
50,10	52
50,11	55
50,12	55
50,13	54
50,14	54
50,15	52
50,16	67
50,17	68
50,18	56
50,19	56
50,2	52
50,20	57
50,21	54
50,22	59
50,23	62
50,24	66
50,25	48
50,26	58
50,27	65
50,28	59
50,29	50
50,3	53
50,30	50
50,31	60
50,32	52
50,33	58
50,34	68
50,35	56
50,36	60
50,37	54
50,38	50
50,39	62
50,4	64
50,40	46
50,41	61
50,42	60
50,43	63
50,44	57
50,45	44
50,46	51
50,47	57
50,48	58
50,49	55
50,5	51
50,50	48
50,51	57
50,52	63
50,53	49
50,54	54
50,55	54
50,56	57
50,57	62
50,58	49
50,59	57
50,6	54
50,60	50
50,61	49
50,62	63
50,63	53
50,64	50
50,65	49
50,66	57
50,67	53
50,68	58
50,69	58
50,7	61
50,70	57
50,71	48
50,72	59
50,73	53
50,74	47
50,75	53
50,76	62
50,77	53
50,78	57
50,79	49
50,8	58
50,80	63
50,81	52
50,82	60
50,83	59
50,84	54
50,85	66
50,86	55
50,87	58
50,88	58
50,89	54
50,9	56
50,90	52
50,91	46
50,92	55
50,93	59
50,94	61
50,95	52
50,96	65
50,97	61
50,98	52
50,99	59
51,0	38
51,1	46
51,10	46
51,11	49
51,12	47
51,13	39
51,14	46
51,15	50
51,16	49
51,17	52
51,18	50
51,19	48
51,2	44
51,20	45
51,21	38
51,22	47
51,23	45
51,24	49
51,25	36
51,26	46
51,27	52
51,28	52
51,29	47
51,3	39
51,30	48
51,31	49
51,32	44
51,33	51
51,34	51
51,35	46
51,36	46
51,37	48
51,38	43
51,39	46
51,4	53
51,40	47
51,41	54
51,42	42
51,43	47
51,44	45
51,45	46
51,46	50
51,47	43
51,48	52
51,49	41
51,5	47
51,50	39
51,51	39
51,52	51
51,53	44
51,54	40
51,55	45
51,56	45
51,57	44
51,58	44
51,59	43
51,6	45
51,60	42
51,61	47
51,62	53
51,63	41
51,64	48
51,65	44
51,66	46
51,67	49
51,68	44
51,69	59
51,7	49
51,70	50
51,71	43
51,72	49
51,73	46
51,74	46
51,75	39
51,76	47
51,77	45
51,78	51
51,79	43
51,8	54
51,80	45
51,81	41
51,82	51
51,83	44
51,84	50
51,85	47
51,86	44
51,87	49
51,88	53
51,89	42
51,9	47
51,90	37
51,91	45
51,92	48
51,93	45
51,94	56
51,95	44
51,96	52
51,97	48
51,98	46
51,99	48
52,0	50
52,1	49
52,10	51
52,11	48
52,12	54
52,13	51
52,14	40
52,15	55
52,16	49
52,17	54
52,18	47
52,19	43
52,2	47
52,20	50
52,21	40
52,22	45
52,23	52
52,24	48
52,25	44
52,26	47
52,27	54
52,28	49
52,29	39
52,3	48
52,30	46
52,31	51
52,32	45
52,33	45
52,34	57
52,35	44
52,36	53
52,37	59
52,38	47
52,39	47
52,4	54
52,40	41
52,41	56
52,42	49
52,43	48
52,44	44
52,45	45
52,46	46
52,47	47
52,48	45
52,49	47
52,5	55
52,50	46
52,51	46
52,52	48
52,53	39
52,54	46
52,55	47
52,56	41
52,57	42
52,58	47
52,59	49
52,6	52
52,60	47
52,61	51
52,62	47
52,63	42
52,64	44
52,65	48
52,66	46
52,67	49
52,68	42
52,69	56
52,7	47
52,70	53
52,71	44
52,72	50
52,73	44
52,74	44
52,75	48
52,76	54
52,77	43
52,78	58
52,79	43
52,8	54
52,80	49
52,81	42
52,82	50
52,83	47
52,84	50
52,85	52
52,86	40
52,87	47
52,88	52
52,89	47
52,9	48
52,90	49
52,91	41
52,92	51
52,93	37
52,94	58
52,95	45
52,96	50
52,97	47
52,98	45
52,99	47
53,0	59
53,1	49
53,10	52
53,11	49
53,12	60
53,13	43
53,14	48
53,15	54
53,16	56
53,17	55
53,18	50
53,19	46
53,2	53
53,20	54
53,21	44
53,22	46
53,23	53
53,24	51
53,25	46
53,26	53
53,27	58
53,28	59
53,29	52
53,3	48
53,30	49
53,31	55
53,32	43
53,33	54
53,34	59
53,35	54
53,36	53
53,37	54
53,38	49
53,39	53
53,4	59
53,40	51
53,41	62
53,42	55
53,43	56
53,44	50
53,45	49
53,46	54
53,47	41
53,48	60
53,49	47
53,5	44
53,50	43
53,51	44
53,52	60
53,53	43
53,54	51
53,55	48
53,56	44
53,57	51
53,58	45
53,59	49
53,6	45
53,60	50
53,61	55
53,62	57
53,63	49
53,64	51
53,65	60
53,66	56
53,67	47
53,68	49
53,69	54
53,7	50
53,70	60
53,71	56
53,72	58
53,73	48
53,74	48
53,75	52
53,76	55
53,77	52
53,78	60
53,79	49
53,8	55
53,80	51
53,81	48
53,82	57
53,83	54
53,84	54
53,85	57
53,86	47
53,87	56
53,88	47
53,89	46
53,9	52
53,90	48
53,91	42
53,92	50
53,93	59
53,94	59
53,95	48
53,96	56
53,97	59
53,98	46
53,99	54
54,0	46
54,1	48
54,10	51
54,11	43
54,12	54
54,13	54
54,14	54
54,15	52
54,16	56
54,17	52
54,18	49
54,19	49
54,2	42
54,20	57
54,21	50
54,22	48
54,23	54
54,24	54
54,25	39
54,26	50
54,27	54
54,28	54
54,29	45
54,3	50
54,30	52
54,31	52
54,32	50
54,33	49
54,34	55
54,35	50
54,36	55
54,37	51
54,38	48
54,39	47
54,4	49
54,40	49
54,41	55
54,42	55
54,43	50
54,44	48
54,45	49
54,46	43
54,47	48
54,48	51
54,49	49
54,5	49
54,50	46
54,51	50
54,52	50
54,53	53
54,54	43
54,55	39
54,56	41
54,57	51
54,58	49
54,59	40
54,6	46
54,60	40
54,61	46
54,62	58
54,63	51
54,64	46
54,65	47
54,66	50
54,67	49
54,68	56
54,69	49
54,7	48
54,70	56
54,71	43
54,72	55
54,73	45
54,74	48
54,75	45
54,76	55
54,77	45
54,78	51
54,79	43
54,8	56
54,80	48
54,81	41
54,82	53
54,83	55
54,84	52
54,85	55
54,86	48
54,87	49
54,88	45
54,89	44
54,9	50
54,90	50
54,91	41
54,92	40
54,93	43
54,94	60
54,95	55
54,96	58
54,97	55
54,98	46
54,99	55
55,0	45
55,1	41
55,10	41
55,11	43
55,12	49
55,13	44
55,14	39
55,15	46
55,16	56
55,17	56
55,18	43
55,19	45
55,2	43
55,20	43
55,21	40
55,22	51
55,23	46
55,24	57
55,25	37
55,26	41
55,27	51
55,28	45
55,29	46
55,3	45
55,30	46
55,31	50
55,32	43
55,33	47
55,34	46
55,35	49
55,36	50
55,37	48
55,38	41
55,39	50
55,4	50
55,40	44
55,41	57
55,42	47
55,43	53
55,44	46
55,45	41
55,46	43
55,47	46
55,48	56
55,49	41
55,5	39
55,50	39
55,51	43
55,52	50
55,53	41
55,54	50
55,55	48
55,56	37
55,57	48
55,58	41
55,59	42
55,6	48
55,60	43
55,61	49
55,62	50
55,63	45
55,64	36
55,65	45
55,66	45
55,67	43
55,68	51
55,69	50
55,7	47
55,70	48
55,71	42
55,72	53
55,73	38
55,74	41
55,75	46
55,76	50
55,77	45
55,78	48
55,79	39
55,8	55
55,80	45
55,81	45
55,82	47
55,83	53
55,84	44
55,85	45
55,86	38
55,87	49
55,88	45
55,89	40
55,9	49
55,90	44
55,91	40
55,92	43
55,93	48
55,94	51
55,95	42
55,96	49
55,97	50
55,98	49
55,99	48
56,0	46
56,1	41
56,10	48
56,11	46
56,12	52
56,13	41
56,14	41
56,15	44
56,16	51
56,17	59
56,18	45
56,19	46
56,2	40
56,20	47
56,21	43
56,22	56
56,23	52
56,24	55
56,25	41
56,26	45
56,27	52
56,28	55
56,29	45
56,3	48
56,30	47
56,31	49
56,32	43
56,33	51
56,34	53
56,35	48
56,36	55
56,37	54
56,38	47
56,39	51
56,4	52
56,40	43
56,41	54
56,42	45
56,43	56
56,44	39
56,45	47
56,46	40
56,47	47
56,48	44
56,49	50
56,5	42
56,50	37
56,51	38
56,52	52
56,53	48
56,54	45
56,55	49
56,56	40
56,57	48
56,58	47
56,59	51
56,6	47
56,60	38
56,61	54
56,62	51
56,63	53
56,64	54
56,65	43
56,66	48
56,67	50
56,68	46
56,69	57
56,7	50
56,70	48
56,71	46
56,72	43
56,73	43
56,74	37
56,75	45
56,76	48
56,77	43
56,78	49
56,79	41
56,8	53
56,80	48
56,81	41
56,82	50
56,83	49
56,84	46
56,85	54
56,86	42
56,87	48
56,88	51
56,89	49
56,9	52
56,90	45
56,91	46
56,92	40
56,93	49
56,94	54
56,95	54
56,96	57
56,97	52
56,98	43
56,99	49
57,0	38
57,1	41
57,10	41
57,11	42
57,12	53
57,13	42
57,14	45
57,15	43
57,16	44
57,17	45
57,18	45
57,19	46
57,2	43
57,20	47
57,21	51
57,22	49
57,23	47
57,24	44
57,25	39
57,26	45
57,27	55
57,28	43
57,29	43
57,3	36
57,30	49
57,31	46
57,32	48
57,33	47
57,34	49
57,35	47
57,36	51
57,37	54
57,38	46
57,39	43
57,4	51
57,40	46
57,41	49
57,42	38
57,43	46
57,44	40
57,45	50
57,46	40
57,47	41
57,48	49
57,49	40
57,5	47
57,50	37
57,51	45
57,52	46
57,53	47
57,54	46
57,55	43
57,56	42
57,57	41
57,58	39
57,59	34
57,6	46
57,60	44
57,61	47
57,62	45
57,63	38
57,64	38
57,65	36
57,66	43
57,67	45
57,68	44
57,69	42
57,7	50
57,70	47
57,71	50
57,72	48
57,73	36
57,74	40
57,75	42
57,76	56
57,77	47
57,78	52
57,79	45
57,8	51
57,80	41
57,81	41
57,82	49
57,83	41
57,84	47
57,85	46
57,86	41
57,87	50
57,88	44
57,89	41
57,9	42
57,90	41
57,91	37
57,92	42
57,93	41
57,94	48
57,95	44
57,96	51
57,97	52
57,98	41
57,99	46
58,0	48
58,1	45
58,10	45
58,11	48
58,12	51
58,13	43
58,14	48
58,15	53
58,16	53
58,17	56
58,18	51
58,19	53
58,2	48
58,20	57
58,21	40
58,22	57
58,23	59
58,24	53
58,25	39
58,26	50
58,27	60
58,28	53
58,29	50
58,3	45
58,30	53
58,31	54
58,32	50
58,33	55
58,34	52
58,35	46
58,36	59
58,37	52
58,38	50
58,39	43
58,4	51
58,40	51
58,41	56
58,42	50
58,43	53
58,44	47
58,45	44
58,46	52
58,47	46
58,48	51
58,49	50
58,5	43
58,50	37
58,51	43
58,52	62
58,53	46
58,54	54
58,55	53
58,56	37
58,57	45
58,58	45
58,59	48
58,6	46
58,60	44
58,61	52
58,62	52
58,63	51
58,64	46
58,65	47
58,66	44
58,67	44
58,68	44
58,69	48
58,7	55
58,70	52
58,71	43
58,72	57
58,73	47
58,74	40
58,75	45
58,76	57
58,77	44
58,78	51
58,79	43
58,8	50
58,80	47
58,81	46
58,82	51
58,83	56
58,84	47
58,85	55
58,86	46
58,87	58
58,88	49
58,89	46
58,9	50
58,90	48
58,91	49
58,92	50
58,93	42
58,94	60
58,95	49
58,96	59
58,97	51
58,98	49
58,99	51
59,0	51
59,1	54
59,10	55
59,11	50
59,12	53
59,13	52
59,14	43
59,15	55
59,16	54
59,17	59
59,18	61
59,19	54
59,2	52
59,20	51
59,21	51
59,22	58
59,23	56
59,24	65
59,25	49
59,26	52
59,27	54
59,28	49
59,29	57
59,3	57
59,30	61
59,31	54
59,32	52
59,33	53
59,34	60
59,35	57
59,36	60
59,37	63
59,38	54
59,39	60
59,4	66
59,40	51
59,41	69
59,42	52
59,43	57
59,44	52
59,45	47
59,46	52
59,47	52
59,48	61
59,49	52
59,5	50
59,50	51
59,51	49
59,52	59
59,53	55
59,54	54
59,55	50
59,56	53
59,57	53
59,58	53
59,59	59
59,6	51
59,60	47
59,61	55
59,62	62
59,63	53
59,64	57
59,65	56
59,66	45
59,67	52
59,68	61
59,69	66
59,7	56
59,70	63
59,71	48
59,72	53
59,73	49
59,74	50
59,75	60
59,76	58
59,77	55
59,78	54
59,79	48
59,8	60
59,80	59
59,81	53
59,82	55
59,83	61
59,84	60
59,85	61
59,86	50
59,87	58
59,88	63
59,89	46
59,9	54
59,90	51
59,91	49
59,92	56
59,93	53
59,94	67
59,95	54
59,96	59
59,97	53
59,98	52
59,99	54
6,0	52
6,1	51
6,10	57
6,11	58
6,12	59
6,13	44
6,14	52
6,15	58
6,16	59
6,17	57
6,18	49
6,19	59
6,2	46
6,20	49
6,21	44
6,22	57
6,23	58
6,24	53
6,25	39
6,26	52
6,27	60
6,28	54
6,29	49
6,3	53
6,30	58
6,31	57
6,32	46
6,33	56
6,34	64
6,35	50
6,36	57
6,37	50
6,38	53
6,39	54
6,4	57
6,40	56
6,41	59
6,42	52
6,43	50
6,44	52
6,45	49
6,46	49
6,47	54
6,48	59
6,49	52
6,5	50
6,50	45
6,51	41
6,52	59
6,53	51
6,54	55
6,55	50
6,56	50
6,57	49
6,58	48
6,59	53
6,6	49
6,60	54
6,61	54
6,62	60
6,63	55
6,64	50
6,65	53
6,66	52
6,67	56
6,68	51
6,69	62
6,7	56
6,70	56
6,71	59
6,72	56
6,73	51
6,74	43
6,75	53
6,76	55
6,77	51
6,78	49
6,79	51
6,8	55
6,80	54
6,81	50
6,82	58
6,83	51
6,84	56
6,85	66
6,86	52
6,87	57
6,88	50
6,89	53
6,9	63
6,90	50
6,91	45
6,92	58
6,93	48
6,94	67
6,95	54
6,96	58
6,97	64
6,98	49
6,99	55
60,0	42
60,1	39
60,10	45
60,11	48
60,12	49
60,13	45
60,14	40
60,15	49
60,16	46
60,17	44
60,18	49
60,19	43
60,2	44
60,20	46
60,21	43
60,22	49
60,23	50
60,24	46
60,25	34
60,26	52
60,27	41
60,28	46
60,29	46
60,3	45
60,30	48
60,31	48
60,32	43
60,33	48
60,34	51
60,35	53
60,36	54
60,37	50
60,38	43
60,39	45
60,4	52
60,40	42
60,41	54
60,42	47
60,43	41
60,44	33
60,45	41
60,46	50
60,47	45
60,48	48
60,49	38
60,5	45
60,50	34
60,51	41
60,52	50
60,53	47
60,54	38
60,55	44
60,56	35
60,57	48
60,58	45
60,59	47
60,6	41
60,60	38
60,61	47
60,62	49
60,63	49
60,64	43
60,65	48
60,66	44
60,67	41
60,68	43
60,69	51
60,7	41
60,70	54
60,71	37
60,72	44
60,73	45
60,74	39
60,75	48
60,76	44
60,77	50
60,78	48
60,79	41
60,8	52
60,80	39
60,81	39
60,82	50
60,83	49
60,84	44
60,85	50
60,86	44
60,87	50
60,88	42
60,89	45
60,9	45
60,90	43
60,91	33
60,92	42
60,93	45
60,94	49
60,95	44
60,96	53
60,97	49
60,98	41
60,99	49
61,0	45
61,1	42
61,10	51
61,11	44
61,12	49
61,13	46
61,14	37
61,15	49
61,16	45
61,17	55
61,18	52
61,19	45
61,2	44
61,20	46
61,21	42
61,22	45
61,23	50
61,24	52
61,25	36
61,26	37
61,27	52
61,28	51
61,29	43
61,3	45
61,30	47
61,31	51
61,32	42
61,33	49
61,34	53
61,35	49
61,36	49
61,37	52
61,38	43
61,39	45
61,4	53
61,40	47
61,41	48
61,42	49
61,43	49
61,44	49
61,45	36
61,46	47
61,47	35
61,48	45
61,49	41
61,5	44
61,50	39
61,51	45
61,52	53
61,53	45
61,54	40
61,55	42
61,56	42
61,57	44
61,58	43
61,59	40
61,6	40
61,60	39
61,61	45
61,62	48
61,63	47
61,64	47
61,65	42
61,66	44
61,67	43
61,68	45
61,69	44
61,7	48
61,70	50
61,71	44
61,72	51
61,73	43
61,74	33
61,75	46
61,76	49
61,77	41
61,78	47
61,79	37
61,8	53
61,80	41
61,81	40
61,82	51
61,83	42
61,84	47
61,85	45
61,86	34
61,87	51
61,88	45
61,89	40
61,9	43
61,90	43
61,91	36
61,92	45
61,93	43
61,94	53
61,95	49
61,96	55
61,97	57
61,98	43
61,99	42
62,0	52
62,1	50
62,10	52
62,11	52
62,12	57
62,13	47
62,14	43
62,15	55
62,16	54
62,17	62
62,18	55
62,19	59
62,2	51
62,20	51
62,21	45
62,22	55
62,23	59
62,24	49
62,25	46
62,26	54
62,27	58
62,28	55
62,29	56
62,3	48
62,30	54
62,31	62
62,32	47
62,33	61
62,34	58
62,35	50
62,36	58
62,37	54
62,38	42
62,39	54
62,4	53
62,40	42
62,41	67
62,42	52
62,43	67
62,44	55
62,45	47
62,46	56
62,47	52
62,48	65
62,49	51
62,5	52
62,50	43
62,51	52
62,52	56
62,53	54
62,54	54
62,55	62
62,56	49
62,57	47
62,58	45
62,59	58
62,6	45
62,60	51
62,61	55
62,62	60
62,63	51
62,64	49
62,65	49
62,66	57
62,67	55
62,68	48
62,69	54
62,7	59
62,70	56
62,71	56
62,72	58
62,73	47
62,74	49
62,75	55
62,76	53
62,77	52
62,78	52
62,79	49
62,8	60
62,80	57
62,81	55
62,82	53
62,83	52
62,84	54
62,85	55
62,86	52
62,87	61
62,88	53
62,89	46
62,9	52
62,90	49
62,91	47
62,92	49
62,93	50
62,94	60
62,95	52
62,96	63
62,97	57
62,98	51
62,99	52
63,0	45
63,1	41
63,10	51
63,11	46
63,12	51
63,13	48
63,14	45
63,15	51
63,16	47
63,17	52
63,18	49
63,19	45
63,2	42
63,20	50
63,21	53
63,22	51
63,23	49
63,24	50
63,25	40
63,26	49
63,27	49
63,28	48
63,29	42
63,3	45
63,30	49
63,31	48
63,32	42
63,33	48
63,34	55
63,35	51
63,36	58
63,37	48
63,38	46
63,39	46
63,4	53
63,40	44
63,41	55
63,42	53
63,43	56
63,44	43
63,45	40
63,46	50
63,47	42
63,48	55
63,49	38
63,5	40
63,50	49
63,51	49
63,52	52
63,53	51
63,54	44
63,55	50
63,56	41
63,57	49
63,58	45
63,59	48
63,6	45
63,60	31
63,61	52
63,62	54
63,63	42
63,64	48
63,65	41
63,66	49
63,67	51
63,68	57
63,69	43
63,7	49
63,70	51
63,71	45
63,72	49
63,73	49
63,74	41
63,75	48
63,76	58
63,77	46
63,78	55
63,79	43
63,8	55
63,80	49
63,81	44
63,82	57
63,83	46
63,84	45
63,85	51
63,86	46
63,87	49
63,88	44
63,89	41
63,9	55
63,90	45
63,91	42
63,92	46
63,93	49
63,94	54
63,95	52
63,96	53
63,97	53
63,98	44
63,99	48
64,0	42
64,1	46
64,10	46
64,11	46
64,12	50
64,13	49
64,14	43
64,15	48
64,16	48
64,17	48
64,18	53
64,19	47
64,2	48
64,20	50
64,21	46
64,22	49
64,23	49
64,24	58
64,25	38
64,26	54
64,27	57
64,28	51
64,29	47
64,3	49
64,30	47
64,31	49
64,32	45
64,33	52
64,34	51
64,35	43
64,36	56
64,37	52
64,38	44
64,39	47
64,4	54
64,40	39
64,41	58
64,42	49
64,43	52
64,44	43
64,45	44
64,46	49
64,47	39
64,48	53
64,49	42
64,5	40
64,50	43
64,51	47
64,52	52
64,53	46
64,54	48
64,55	48
64,56	42
64,57	50
64,58	47
64,59	50
64,6	42
64,60	36
64,61	52
64,62	46
64,63	42
64,64	53
64,65	46
64,66	45
64,67	46
64,68	49
64,69	48
64,7	54
64,70	54
64,71	35
64,72	54
64,73	42
64,74	39
64,75	43
64,76	49
64,77	47
64,78	52
64,79	41
64,8	54
64,80	45
64,81	44
64,82	48
64,83	49
64,84	46
64,85	52
64,86	47
64,87	52
64,88	43
64,89	47
64,9	43
64,90	49
64,91	40
64,92	44
64,93	50
64,94	51
64,95	51
64,96	50
64,97	56
64,98	43
64,99	51
65,0	53
65,1	45
65,10	55
65,11	49
65,12	54
65,13	53
65,14	42
65,15	57
65,16	49
65,17	59
65,18	58
65,19	52
65,2	48
65,20	54
65,21	47
65,22	53
65,23	58
65,24	60
65,25	46
65,26	49
65,27	60
65,28	58
65,29	49
65,3	52
65,30	58
65,31	58
65,32	49
65,33	53
65,34	58
65,35	54
65,36	52
65,37	61
65,38	49
65,39	53
65,4	53
65,40	45
65,41	59
65,42	48
65,43	59
65,44	51
65,45	50
65,46	56
65,47	53
65,48	57
65,49	45
65,5	51
65,50	42
65,51	43
65,52	54
65,53	43
65,54	49
65,55	55
65,56	46
65,57	53
65,58	39
65,59	55
65,6	51
65,60	45
65,61	49
65,62	57
65,63	44
65,64	48
65,65	45
65,66	58
65,67	49
65,68	50
65,69	54
65,7	49
65,70	57
65,71	50
65,72	54
65,73	52
65,74	40
65,75	53
65,76	57
65,77	53
65,78	58
65,79	46
65,8	60
65,80	48
65,81	44
65,82	58
65,83	48
65,84	51
65,85	62
65,86	47
65,87	48
65,88	46
65,89	48
65,9	51
65,90	55
65,91	46
65,92	56
65,93	52
65,94	58
65,95	48
65,96	57
65,97	54
65,98	47
65,99	51
66,0	50
66,1	51
66,10	52
66,11	55
66,12	58
66,13	46
66,14	49
66,15	43
66,16	51
66,17	52
66,18	48
66,19	48
66,2	41
66,20	50
66,21	53
66,22	48
66,23	57
66,24	52
66,25	42
66,26	47
66,27	54
66,28	55
66,29	49
66,3	43
66,30	50
66,31	48
66,32	49
66,33	55
66,34	54
66,35	53
66,36	59
66,37	53
66,38	44
66,39	50
66,4	63
66,40	42
66,41	58
66,42	55
66,43	49
66,44	46
66,45	45
66,46	48
66,47	44
66,48	52
66,49	45
66,5	51
66,50	49
66,51	46
66,52	49
66,53	54
66,54	50
66,55	47
66,56	40
66,57	46
66,58	48
66,59	52
66,6	44
66,60	40
66,61	52
66,62	54
66,63	58
66,64	52
66,65	52
66,66	50
66,67	46
66,68	53
66,69	49
66,7	46
66,70	52
66,71	48
66,72	49
66,73	50
66,74	44
66,75	46
66,76	50
66,77	50
66,78	50
66,79	42
66,8	61
66,80	51
66,81	46
66,82	52
66,83	50
66,84	54
66,85	56
66,86	46
66,87	54
66,88	42
66,89	44
66,9	55
66,90	51
66,91	37
66,92	46
66,93	49
66,94	56
66,95	52
66,96	57
66,97	54
66,98	53
66,99	55
67,0	46
67,1	50
67,10	47
67,11	48
67,12	53
67,13	53
67,14	45
67,15	56
67,16	58
67,17	56
67,18	58
67,19	59
67,2	48
67,20	55
67,21	52
67,22	53
67,23	60
67,24	59
67,25	39
67,26	52
67,27	60
67,28	57
67,29	48
67,3	48
67,30	50
67,31	63
67,32	51
67,33	60
67,34	56
67,35	54
67,36	60
67,37	55
67,38	53
67,39	45
67,4	64
67,40	55
67,41	60
67,42	52
67,43	54
67,44	45
67,45	48
67,46	55
67,47	49
67,48	53
67,49	55
67,5	49
67,50	48
67,51	53
67,52	59
67,53	51
67,54	56
67,55	50
67,56	47
67,57	48
67,58	45
67,59	50
67,6	40
67,60	45
67,61	55
67,62	52
67,63	46
67,64	50
67,65	52
67,66	54
67,67	49
67,68	51
67,69	58
67,7	46
67,70	54
67,71	50
67,72	59
67,73	48
67,74	42
67,75	51
67,76	59
67,77	52
67,78	52
67,79	51
67,8	57
67,80	47
67,81	41
67,82	57
67,83	45
67,84	54
67,85	59
67,86	46
67,87	55
67,88	51
67,89	49
67,9	49
67,90	46
67,91	46
67,92	47
67,93	53
67,94	53
67,95	58
67,96	57
67,97	64
67,98	49
67,99	60
68,0	48
68,1	43
68,10	48
68,11	55
68,12	60
68,13	49
68,14	43
68,15	54
68,16	56
68,17	57
68,18	49
68,19	48
68,2	47
68,20	50
68,21	48
68,22	56
68,23	58
68,24	58
68,25	43
68,26	54
68,27	58
68,28	48
68,29	55
68,3	51
68,30	47
68,31	52
68,32	48
68,33	49
68,34	60
68,35	48
68,36	57
68,37	59
68,38	46
68,39	45
68,4	60
68,40	44
68,41	59
68,42	47
68,43	57
68,44	47
68,45	44
68,46	54
68,47	49
68,48	55
68,49	47
68,5	44
68,50	41
68,51	46
68,52	57
68,53	42
68,54	49
68,55	54
68,56	48
68,57	48
68,58	49
68,59	50
68,6	42
68,60	48
68,61	52
68,62	58
68,63	49
68,64	45
68,65	49
68,66	51
68,67	50
68,68	54
68,69	57
68,7	53
68,70	53
68,71	48
68,72	45
68,73	42
68,74	39
68,75	56
68,76	57
68,77	54
68,78	56
68,79	43
68,8	55
68,80	56
68,81	48
68,82	54
68,83	55
68,84	55
68,85	55
68,86	41
68,87	52
68,88	53
68,89	46
68,9	49
68,90	48
68,91	42
68,92	53
68,93	50
68,94	55
68,95	53
68,96	51
68,97	58
68,98	48
68,99	49
69,0	51
69,1	51
69,10	49
69,11	51
69,12	53
69,13	46
69,14	48
69,15	56
69,16	59
69,17	60
69,18	50
69,19	51
69,2	50
69,20	51
69,21	55
69,22	50
69,23	54
69,24	55
69,25	40
69,26	54
69,27	51
69,28	48
69,29	49
69,3	48
69,30	51
69,31	53
69,32	46
69,33	56
69,34	55
69,35	49
69,36	54
69,37	54
69,38	51
69,39	52
69,4	49
69,40	45
69,41	54
69,42	44
69,43	58
69,44	48
69,45	43
69,46	54
69,47	47
69,48	56
69,49	52
69,5	47
69,50	44
69,51	47
69,52	56
69,53	50
69,54	54
69,55	48
69,56	45
69,57	56
69,58	49
69,59	48
69,6	44
69,60	43
69,61	56
69,62	55
69,63	46
69,64	45
69,65	52
69,66	53
69,67	50
69,68	52
69,69	53
69,7	55
69,70	55
69,71	42
69,72	57
69,73	54
69,74	46
69,75	53
69,76	55
69,77	50
69,78	55
69,79	48
69,8	62
69,80	53
69,81	39
69,82	52
69,83	47
69,84	52
69,85	60
69,86	43
69,87	56
69,88	53
69,89	46
69,9	55
69,90	47
69,91	45
69,92	52
69,93	53
69,94	60
69,95	57
69,96	56
69,97	53
69,98	48
69,99	53
7,0	47
7,1	51
7,10	43
7,11	44
7,12	55
7,13	42
7,14	46
7,15	52
7,16	62
7,17	51
7,18	49
7,19	51
7,2	48
7,20	54
7,21	46
7,22	49
7,23	61
7,24	51
7,25	48
7,26	43
7,27	56
7,28	57
7,29	50
7,3	48
7,30	49
7,31	54
7,32	47
7,33	50
7,34	54
7,35	50
7,36	59
7,37	51
7,38	47
7,39	47
7,4	60
7,40	50
7,41	56
7,42	50
7,43	50
7,44	45
7,45	43
7,46	53
7,47	54
7,48	50
7,49	55
7,5	48
7,50	43
7,51	39
7,52	56
7,53	47
7,54	49
7,55	47
7,56	32
7,57	56
7,58	45
7,59	51
7,6	42
7,60	49
7,61	55
7,62	50
7,63	48
7,64	45
7,65	49
7,66	54
7,67	52
7,68	50
7,69	52
7,7	54
7,70	50
7,71	49
7,72	53
7,73	43
7,74	37
7,75	43
7,76	57
7,77	43
7,78	55
7,79	48
7,8	57
7,80	52
7,81	45
7,82	55
7,83	52
7,84	57
7,85	59
7,86	42
7,87	65
7,88	47
7,89	43
7,9	45
7,90	50
7,91	44
7,92	44
7,93	52
7,94	63
7,95	56
7,96	60
7,97	54
7,98	51
7,99	50
70,0	55
70,1	54
70,10	55
70,11	46
70,12	59
70,13	51
70,14	50
70,15	56
70,16	56
70,17	52
70,18	55
70,19	53
70,2	45
70,20	50
70,21	44
70,22	53
70,23	56
70,24	52
70,25	45
70,26	49
70,27	59
70,28	56
70,29	50
70,3	51
70,30	50
70,31	55
70,32	49
70,33	46
70,34	53
70,35	54
70,36	58
70,37	53
70,38	53
70,39	52
70,4	57
70,40	49
70,41	58
70,42	58
70,43	52
70,44	50
70,45	46
70,46	50
70,47	47
70,48	53
70,49	54
70,5	52
70,50	45
70,51	48
70,52	59
70,53	53
70,54	51
70,55	46
70,56	48
70,57	48
70,58	50
70,59	49
70,6	44
70,60	43
70,61	53
70,62	61
70,63	50
70,64	57
70,65	55
70,66	49
70,67	54
70,68	47
70,69	55
70,7	53
70,70	60
70,71	48
70,72	55
70,73	45
70,74	44
70,75	52
70,76	52
70,77	44
70,78	56
70,79	47
70,8	54
70,80	49
70,81	48
70,82	57
70,83	51
70,84	52
70,85	60
70,86	49
70,87	56
70,88	47
70,89	45
70,9	48
70,90	47
70,91	46
70,92	48
70,93	59
70,94	61
70,95	53
70,96	57
70,97	58
70,98	49
70,99	60
71,0	47
71,1	48
71,10	48
71,11	50
71,12	52
71,13	46
71,14	46
71,15	52
71,16	59
71,17	55
71,18	53
71,19	55
71,2	44
71,20	51
71,21	42
71,22	52
71,23	53
71,24	53
71,25	44
71,26	55
71,27	54
71,28	53
71,29	50
71,3	51
71,30	56
71,31	55
71,32	49
71,33	58
71,34	59
71,35	55
71,36	59
71,37	56
71,38	50
71,39	50
71,4	56
71,40	50
71,41	60
71,42	47
71,43	54
71,44	55
71,45	50
71,46	42
71,47	58
71,48	52
71,49	54
71,5	51
71,50	43
71,51	46
71,52	52
71,53	53
71,54	46
71,55	48
71,56	49
71,57	47
71,58	47
71,59	54
71,6	51
71,60	51
71,61	57
71,62	58
71,63	52
71,64	52
71,65	51
71,66	53
71,67	53
71,68	52
71,69	57
71,7	55
71,70	55
71,71	49
71,72	50
71,73	53
71,74	48
71,75	51
71,76	57
71,77	51
71,78	59
71,79	50
71,8	59
71,80	59
71,81	50
71,82	56
71,83	54
71,84	52
71,85	56
71,86	52
71,87	53
71,88	54
71,89	48
71,9	51
71,90	48
71,91	52
71,92	47
71,93	43
71,94	58
71,95	50
71,96	61
71,97	56
71,98	50
71,99	52
72,0	46
72,1	44
72,10	46
72,11	42
72,12	48
72,13	41
72,14	44
72,15	50
72,16	54
72,17	51
72,18	41
72,19	41
72,2	37
72,20	42
72,21	46
72,22	54
72,23	48
72,24	50
72,25	42
72,26	51
72,27	56
72,28	51
72,29	36
72,3	46
72,30	51
72,31	51
72,32	38
72,33	51
72,34	54
72,35	42
72,36	57
72,37	44
72,38	49
72,39	48
72,4	49
72,40	49
72,41	55
72,42	50
72,43	49
72,44	46
72,45	43
72,46	50
72,47	45
72,48	55
72,49	48
72,5	40
72,50	32
72,51	46
72,52	49
72,53	54
72,54	51
72,55	48
72,56	45
72,57	43
72,58	46
72,59	45
72,6	42
72,60	45
72,61	45
72,62	51
72,63	48
72,64	39
72,65	46
72,66	51
72,67	42
72,68	50
72,69	53
72,7	49
72,70	50
72,71	48
72,72	47
72,73	45
72,74	43
72,75	45
72,76	52
72,77	43
72,78	54
72,79	44
72,8	51
72,80	49
72,81	42
72,82	50
72,83	49
72,84	45
72,85	56
72,86	48
72,87	53
72,88	38
72,89	45
72,9	53
72,90	40
72,91	43
72,92	42
72,93	48
72,94	52
72,95	44
72,96	47
72,97	45
72,98	41
72,99	54
73,0	47
73,1	50
73,10	56
73,11	51
73,12	58
73,13	55
73,14	49
73,15	51
73,16	61
73,17	58
73,18	56
73,19	47
73,2	53
73,20	55
73,21	58
73,22	56
73,23	61
73,24	55
73,25	42
73,26	56
73,27	57
73,28	51
73,29	48
73,3	48
73,30	55
73,31	58
73,32	47
73,33	56
73,34	55
73,35	55
73,36	60
73,37	59
73,38	53
73,39	55
73,4	60
73,40	49
73,41	58
73,42	55
73,43	61
73,44	45
73,45	50
73,46	56
73,47	47
73,48	57
73,49	48
73,5	47
73,50	39
73,51	48
73,52	56
73,53	51
73,54	47
73,55	52
73,56	47
73,57	57
73,58	55
73,59	46
73,6	53
73,60	50
73,61	55
73,62	54
73,63	49
73,64	50
73,65	57
73,66	50
73,67	48
73,68	50
73,69	57
73,7	56
73,70	55
73,71	52
73,72	60
73,73	49
73,74	50
73,75	57
73,76	64
73,77	51
73,78	50
73,79	58
73,8	62
73,80	50
73,81	51
73,82	55
73,83	60
73,84	57
73,85	58
73,86	51
73,87	58
73,88	56
73,89	50
73,9	56
73,90	48
73,91	46
73,92	55
73,93	59
73,94	62
73,95	50
73,96	62
73,97	62
73,98	54
73,99	51
74,0	49
74,1	54
74,10	52
74,11	54
74,12	55
74,13	43
74,14	52
74,15	60
74,16	61
74,17	63
74,18	47
74,19	53
74,2	52
74,20	54
74,21	50
74,22	64
74,23	58
74,24	53
74,25	50
74,26	57
74,27	59
74,28	58
74,29	51
74,3	51
74,30	51
74,31	58
74,32	51
74,33	53
74,34	62
74,35	56
74,36	62
74,37	56
74,38	46
74,39	51
74,4	58
74,40	51
74,41	63
74,42	55
74,43	62
74,44	51
74,45	52
74,46	52
74,47	57
74,48	63
74,49	49
74,5	49
74,50	42
74,51	46
74,52	55
74,53	53
74,54	55
74,55	58
74,56	47
74,57	52
74,58	56
74,59	57
74,6	48
74,60	47
74,61	61
74,62	58
74,63	54
74,64	55
74,65	52
74,66	59
74,67	51
74,68	49
74,69	60
74,7	52
74,70	59
74,71	57
74,72	57
74,73	56
74,74	45
74,75	57
74,76	57
74,77	48
74,78	58
74,79	48
74,8	62
74,80	59
74,81	59
74,82	61
74,83	52
74,84	57
74,85	59
74,86	54
74,87	65
74,88	57
74,89	50
74,9	56
74,90	50
74,91	50
74,92	52
74,93	53
74,94	61
74,95	50
74,96	62
74,97	60
74,98	53
74,99	62
75,0	52
75,1	52
75,10	52
75,11	53
75,12	70
75,13	53
75,14	55
75,15	56
75,16	68
75,17	60
75,18	54
75,19	58
75,2	57
75,20	64
75,21	60
75,22	59
75,23	64
75,24	62
75,25	45
75,26	59
75,27	66
75,28	57
75,29	60
75,3	54
75,30	54
75,31	59
75,32	58
75,33	64
75,34	62
75,35	61
75,36	63
75,37	62
75,38	57
75,39	59
75,4	67
75,40	54
75,41	66
75,42	55
75,43	66
75,44	46
75,45	54
75,46	62
75,47	60
75,48	63
75,49	51
75,5	51
75,50	54
75,51	51
75,52	64
75,53	58
75,54	59
75,55	56
75,56	43
75,57	54
75,58	56
75,59	59
75,6	55
75,60	50
75,61	62
75,62	58
75,63	53
75,64	61
75,65	57
75,66	57
75,67	52
75,68	62
75,69	67
75,7	55
75,70	65
75,71	59
75,72	61
75,73	53
75,74	48
75,75	54
75,76	66
75,77	57
75,78	59
75,79	51
75,8	67
75,80	53
75,81	51
75,82	61
75,83	51
75,84	50
75,85	61
75,86	51
75,87	59
75,88	57
75,89	51
75,9	59
75,90	56
75,91	52
75,92	60
75,93	59
75,94	68
75,95	58
75,96	61
75,97	62
75,98	63
75,99	62
76,0	45
76,1	46
76,10	42
76,11	43
76,12	58
76,13	42
76,14	45
76,15	54
76,16	48
76,17	50
76,18	43
76,19	47
76,2	42
76,20	45
76,21	48
76,22	47
76,23	49
76,24	53
76,25	39
76,26	42
76,27	53
76,28	46
76,29	46
76,3	41
76,30	45
76,31	49
76,32	47
76,33	51
76,34	52
76,35	48
76,36	44
76,37	47
76,38	40
76,39	42
76,4	50
76,40	45
76,41	50
76,42	47
76,43	47
76,44	48
76,45	47
76,46	45
76,47	52
76,48	53
76,49	48
76,5	43
76,50	35
76,51	45
76,52	54
76,53	41
76,54	50
76,55	44
76,56	35
76,57	43
76,58	41
76,59	46
76,6	38
76,60	45
76,61	41
76,62	51
76,63	50
76,64	45
76,65	50
76,66	42
76,67	45
76,68	49
76,69	51
76,7	47
76,70	46
76,71	41
76,72	51
76,73	36
76,74	42
76,75	44
76,76	58
76,77	43
76,78	51
76,79	43
76,8	49
76,80	40
76,81	39
76,82	56
76,83	56
76,84	48
76,85	44
76,86	37
76,87	46
76,88	45
76,89	44
76,9	51
76,90	47
76,91	37
76,92	43
76,93	48
76,94	56
76,95	43
76,96	52
76,97	53
76,98	45
76,99	47
77,0	45
77,1	54
77,10	47
77,11	51
77,12	58
77,13	44
77,14	43
77,15	48
77,16	51
77,17	60
77,18	51
77,19	48
77,2	51
77,20	49
77,21	46
77,22	53
77,23	50
77,24	46
77,25	45
77,26	46
77,27	50
77,28	54
77,29	42
77,3	54
77,30	58
77,31	45
77,32	51
77,33	54
77,34	58
77,35	55
77,36	57
77,37	50
77,38	45
77,39	52
77,4	56
77,40	55
77,41	61
77,42	48
77,43	59
77,44	47
77,45	47
77,46	50
77,47	53
77,48	47
77,49	46
77,5	38
77,50	45
77,51	43
77,52	57
77,53	54
77,54	44
77,55	46
77,56	47
77,57	50
77,58	48
77,59	52
77,6	53
77,60	45
77,61	53
77,62	59
77,63	47
77,64	48
77,65	51
77,66	48
77,67	53
77,68	55
77,69	62
77,7	50
77,70	52
77,71	43
77,72	53
77,73	52
77,74	43
77,75	50
77,76	52
77,77	53
77,78	50
77,79	46
77,8	61
77,80	51
77,81	47
77,82	59
77,83	53
77,84	48
77,85	51
77,86	55
77,87	55
77,88	43
77,89	45
77,9	50
77,90	44
77,91	47
77,92	44
77,93	52
77,94	57
77,95	45
77,96	57
77,97	52
77,98	52
77,99	48
78,0	54
78,1	44
78,10	51
78,11	47
78,12	54
78,13	44
78,14	34
78,15	51
78,16	53
78,17	56
78,18	56
78,19	49
78,2	44
78,20	47
78,21	41
78,22	52
78,23	52
78,24	47
78,25	38
78,26	47
78,27	57
78,28	51
78,29	47
78,3	45
78,30	52
78,31	54
78,32	41
78,33	45
78,34	48
78,35	49
78,36	52
78,37	49
78,38	46
78,39	50
78,4	51
78,40	47
78,41	60
78,42	46
78,43	57
78,44	47
78,45	50
78,46	47
78,47	48
78,48	52
78,49	46
78,5	42
78,50	43
78,51	40
78,52	49
78,53	46
78,54	41
78,55	47
78,56	45
78,57	48
78,58	45
78,59	49
78,6	46
78,60	39
78,61	52
78,62	48
78,63	46
78,64	44
78,65	46
78,66	48
78,67	43
78,68	50
78,69	54
78,7	48
78,70	57
78,71	46
78,72	51
78,73	47
78,74	37
78,75	48
78,76	51
78,77	49
78,78	51
78,79	49
78,8	53
78,80	48
78,81	41
78,82	51
78,83	41
78,84	47
78,85	55
78,86	41
78,87	45
78,88	51
78,89	38
78,9	48
78,90	45
78,91	40
78,92	45
78,93	50
78,94	56
78,95	45
78,96	46
78,97	41
78,98	45
78,99	49
79,0	48
79,1	51
79,10	45
79,11	48
79,12	53
79,13	47
79,14	50
79,15	45
79,16	54
79,17	51
79,18	45
79,19	51
79,2	41
79,20	47
79,21	49
79,22	45
79,23	52
79,24	49
79,25	44
79,26	45
79,27	54
79,28	52
79,29	42
79,3	51
79,30	52
79,31	45
79,32	46
79,33	52
79,34	60
79,35	48
79,36	51
79,37	53
79,38	48
79,39	47
79,4	52
79,40	51
79,41	53
79,42	45
79,43	48
79,44	54
79,45	48
79,46	53
79,47	48
79,48	51
79,49	42
79,5	47
79,50	43
79,51	51
79,52	55
79,53	51
79,54	44
79,55	44
79,56	44
79,57	48
79,58	48
79,59	47
79,6	50
79,60	45
79,61	50
79,62	51
79,63	50
79,64	50
79,65	52
79,66	45
79,67	51
79,68	55
79,69	52
79,7	55
79,70	55
79,71	49
79,72	52
79,73	51
79,74	41
79,75	47
79,76	52
79,77	48
79,78	50
79,79	48
79,8	49
79,80	51
79,81	41
79,82	56
79,83	48
79,84	51
79,85	58
79,86	49
79,87	51
79,88	49
79,89	39
79,9	55
79,90	45
79,91	34
79,92	44
79,93	46
79,94	59
79,95	49
79,96	65
79,97	55
79,98	48
79,99	51
8,0	41
8,1	40
8,10	45
8,11	46
8,12	59
8,13	50
8,14	46
8,15	51
8,16	57
8,17	53
8,18	51
8,19	50
8,2	49
8,20	48
8,21	50
8,22	48
8,23	54
8,24	50
8,25	39
8,26	49
8,27	52
8,28	48
8,29	41
8,3	48
8,30	52
8,31	49
8,32	41
8,33	48
8,34	54
8,35	38
8,36	49
8,37	51
8,38	42
8,39	53
8,4	50
8,40	51
8,41	56
8,42	49
8,43	58
8,44	49
8,45	49
8,46	52
8,47	46
8,48	57
8,49	50
8,5	42
8,50	41
8,51	39
8,52	54
8,53	44
8,54	48
8,55	53
8,56	47
8,57	49
8,58	45
8,59	54
8,6	45
8,60	50
8,61	49
8,62	50
8,63	44
8,64	50
8,65	53
8,66	55
8,67	44
8,68	44
8,69	53
8,7	52
8,70	55
8,71	44
8,72	56
8,73	43
8,74	42
8,75	53
8,76	55
8,77	47
8,78	51
8,79	47
8,8	58
8,80	52
8,81	41
8,82	55
8,83	47
8,84	46
8,85	57
8,86	49
8,87	49
8,88	52
8,89	46
8,9	48
8,90	41
8,91	35
8,92	55
8,93	51
8,94	56
8,95	51
8,96	58
8,97	48
8,98	48
8,99	48
80,0	60
80,1	54
80,10	59
80,11	56
80,12	61
80,13	56
80,14	47
80,15	61
80,16	61
80,17	69
80,18	60
80,19	59
80,2	57
80,20	56
80,21	58
80,22	53
80,23	66
80,24	67
80,25	49
80,26	52
80,27	68
80,28	59
80,29	58
80,3	59
80,30	62
80,31	63
80,32	53
80,33	56
80,34	62
80,35	57
80,36	66
80,37	57
80,38	53
80,39	59
80,4	65
80,40	52
80,41	69
80,42	61
80,43	59
80,44	54
80,45	49
80,46	64
80,47	53
80,48	64
80,49	56
80,5	53
80,50	55
80,51	50
80,52	62
80,53	56
80,54	60
80,55	60
80,56	48
80,57	63
80,58	59
80,59	62
80,6	56
80,60	46
80,61	57
80,62	61
80,63	60
80,64	61
80,65	60
80,66	57
80,67	58
80,68	65
80,69	64
80,7	65
80,70	62
80,71	57
80,72	64
80,73	59
80,74	51
80,75	54
80,76	64
80,77	56
80,78	58
80,79	48
80,8	67
80,80	54
80,81	54
80,82	59
80,83	62
80,84	55
80,85	65
80,86	49
80,87	62
80,88	57
80,89	56
80,9	60
80,90	62
80,91	48
80,92	58
80,93	55
80,94	70
80,95	61
80,96	64
80,97	62
80,98	58
80,99	55
81,0	49
81,1	51
81,10	50
81,11	51
81,12	56
81,13	48
81,14	43
81,15	52
81,16	53
81,17	58
81,18	56
81,19	53
81,2	50
81,20	47
81,21	51
81,22	55
81,23	59
81,24	63
81,25	41
81,26	48
81,27	64
81,28	59
81,29	46
81,3	44
81,30	52
81,31	60
81,32	47
81,33	54
81,34	55
81,35	55
81,36	58
81,37	57
81,38	52
81,39	57
81,4	56
81,40	49
81,41	54
81,42	50
81,43	60
81,44	53
81,45	55
81,46	52
81,47	45
81,48	56
81,49	48
81,5	50
81,50	43
81,51	40
81,52	56
81,53	50
81,54	56
81,55	51
81,56	44
81,57	51
81,58	45
81,59	48
81,6	47
81,60	45
81,61	51
81,62	54
81,63	53
81,64	47
81,65	46
81,66	47
81,67	55
81,68	56
81,69	50
81,7	51
81,70	52
81,71	48
81,72	59
81,73	47
81,74	42
81,75	51
81,76	51
81,77	48
81,78	55
81,79	49
81,8	56
81,80	49
81,81	46
81,82	51
81,83	51
81,84	59
81,85	59
81,86	41
81,87	55
81,88	51
81,89	45
81,9	54
81,90	39
81,91	42
81,92	48
81,93	49
81,94	58
81,95	51
81,96	56
81,97	59
81,98	56
81,99	53
82,0	51
82,1	47
82,10	56
82,11	53
82,12	56
82,13	44
82,14	41
82,15	51
82,16	56
82,17	56
82,18	50
82,19	45
82,2	44
82,20	50
82,21	48
82,22	51
82,23	54
82,24	55
82,25	41
82,26	47
82,27	57
82,28	49
82,29	47
82,3	44
82,30	50
82,31	47
82,32	44
82,33	46
82,34	56
82,35	54
82,36	58
82,37	60
82,38	48
82,39	52
82,4	56
82,40	47
82,41	49
82,42	51
82,43	54
82,44	48
82,45	50
82,46	48
82,47	51
82,48	55
82,49	44
82,5	48
82,50	39
82,51	37
82,52	50
82,53	50
82,54	51
82,55	52
82,56	46
82,57	50
82,58	52
82,59	49
82,6	49
82,60	48
82,61	45
82,62	57
82,63	46
82,64	47
82,65	51
82,66	49
82,67	46
82,68	51
82,69	52
82,7	51
82,70	56
82,71	48
82,72	50
82,73	47
82,74	48
82,75	51
82,76	61
82,77	49
82,78	59
82,79	36
82,8	59
82,80	46
82,81	53
82,82	53
82,83	53
82,84	60
82,85	59
82,86	46
82,87	47
82,88	52
82,89	50
82,9	53
82,90	39
82,91	43
82,92	49
82,93	45
82,94	57
82,95	50
82,96	57
82,97	50
82,98	50
82,99	52
83,0	40
83,1	44
83,10	44
83,11	41
83,12	52
83,13	41
83,14	42
83,15	44
83,16	50
83,17	48
83,18	48
83,19	53
83,2	43
83,20	48
83,21	44
83,22	47
83,23	46
83,24	47
83,25	39
83,26	54
83,27	51
83,28	47
83,29	47
83,3	46
83,30	37
83,31	48
83,32	48
83,33	48
83,34	53
83,35	45
83,36	46
83,37	50
83,38	42
83,39	47
83,4	53
83,40	49
83,41	53
83,42	49
83,43	47
83,44	40
83,45	36
83,46	51
83,47	40
83,48	54
83,49	44
83,5	41
83,50	40
83,51	46
83,52	52
83,53	41
83,54	46
83,55	39
83,56	41
83,57	46
83,58	40
83,59	48
83,6	44
83,60	41
83,61	47
83,62	43
83,63	43
83,64	46
83,65	45
83,66	53
83,67	52
83,68	48
83,69	52
83,7	50
83,70	51
83,71	46
83,72	52
83,73	48
83,74	38
83,75	43
83,76	48
83,77	43
83,78	46
83,79	50
83,8	54
83,80	45
83,81	41
83,82	51
83,83	46
83,84	42
83,85	50
83,86	39
83,87	49
83,88	47
83,89	42
83,9	43
83,90	43
83,91	41
83,92	38
83,93	47
83,94	59
83,95	55
83,96	50
83,97	51
83,98	45
83,99	49
84,0	45
84,1	46
84,10	47
84,11	52
84,12	53
84,13	47
84,14	43
84,15	50
84,16	62
84,17	54
84,18	49
84,19	47
84,2	44
84,20	46
84,21	50
84,22	49
84,23	52
84,24	56
84,25	46
84,26	50
84,27	54
84,28	53
84,29	39
84,3	51
84,30	46
84,31	58
84,32	45
84,33	48
84,34	54
84,35	50
84,36	48
84,37	47
84,38	44
84,39	42
84,4	53
84,40	45
84,41	58
84,42	53
84,43	52
84,44	40
84,45	44
84,46	45
84,47	50
84,48	54
84,49	47
84,5	46
84,50	42
84,51	42
84,52	50
84,53	44
84,54	50
84,55	51
84,56	41
84,57	41
84,58	43
84,59	41
84,6	43
84,60	48
84,61	47
84,62	46
84,63	48
84,64	44
84,65	46
84,66	51
84,67	49
84,68	43
84,69	51
84,7	50
84,70	56
84,71	47
84,72	57
84,73	45
84,74	42
84,75	46
84,76	57
84,77	45
84,78	50
84,79	40
84,8	55
84,80	46
84,81	45
84,82	51
84,83	50
84,84	50
84,85	57
84,86	39
84,87	50
84,88	50
84,89	51
84,9	56
84,90	44
84,91	38
84,92	49
84,93	44
84,94	48
84,95	47
84,96	55
84,97	56
84,98	45
84,99	51
85,0	44
85,1	40
85,10	43
85,11	47
85,12	55
85,13	54
85,14	46
85,15	57
85,16	53
85,17	49
85,18	51
85,19	51
85,2	44
85,20	50
85,21	45
85,22	52
85,23	48
85,24	51
85,25	38
85,26	50
85,27	53
85,28	48
85,29	42
85,3	48
85,30	51
85,31	48
85,32	48
85,33	48
85,34	55
85,35	50
85,36	53
85,37	54
85,38	46
85,39	53
85,4	51
85,40	52
85,41	58
85,42	46
85,43	54
85,44	48
85,45	54
85,46	51
85,47	48
85,48	55
85,49	47
85,5	50
85,50	38
85,51	46
85,52	53
85,53	49
85,54	46
85,55	46
85,56	46
85,57	46
85,58	48
85,59	50
85,6	49
85,60	44
85,61	42
85,62	58
85,63	47
85,64	47
85,65	49
85,66	50
85,67	45
85,68	55
85,69	54
85,7	51
85,70	53
85,71	42
85,72	50
85,73	46
85,74	47
85,75	50
85,76	54
85,77	47
85,78	52
85,79	50
85,8	51
85,80	57
85,81	45
85,82	53
85,83	55
85,84	59
85,85	58
85,86	49
85,87	48
85,88	55
85,89	49
85,9	51
85,90	40
85,91	40
85,92	48
85,93	48
85,94	52
85,95	47
85,96	50
85,97	48
85,98	44
85,99	55
86,0	49
86,1	46
86,10	46
86,11	47
86,12	54
86,13	53
86,14	53
86,15	48
86,16	61
86,17	62
86,18	54
86,19	48
86,2	50
86,20	49
86,21	46
86,22	51
86,23	59
86,24	59
86,25	44
86,26	46
86,27	64
86,28	53
86,29	53
86,3	52
86,30	52
86,31	54
86,32	49
86,33	54
86,34	50
86,35	50
86,36	55
86,37	49
86,38	49
86,39	60
86,4	60
86,40	52
86,41	60
86,42	46
86,43	58
86,44	59
86,45	50
86,46	52
86,47	44
86,48	56
86,49	51
86,5	46
86,50	45
86,51	45
86,52	59
86,53	45
86,54	63
86,55	51
86,56	44
86,57	52
86,58	45
86,59	53
86,6	48
86,60	52
86,61	49
86,62	52
86,63	47
86,64	53
86,65	55
86,66	44
86,67	50
86,68	50
86,69	57
86,7	53
86,70	56
86,71	55
86,72	61
86,73	46
86,74	49
86,75	48
86,76	54
86,77	50
86,78	46
86,79	52
86,8	55
86,80	44
86,81	51
86,82	55
86,83	52
86,84	52
86,85	52
86,86	55
86,87	52
86,88	54
86,89	51
86,9	46
86,90	48
86,91	46
86,92	57
86,93	60
86,94	61
86,95	49
86,96	52
86,97	57
86,98	54
86,99	54
87,0	43
87,1	39
87,10	42
87,11	46
87,12	48
87,13	41
87,14	42
87,15	41
87,16	46
87,17	48
87,18	43
87,19	41
87,2	47
87,20	42
87,21	49
87,22	47
87,23	51
87,24	46
87,25	37
87,26	50
87,27	52
87,28	45
87,29	40
87,3	44
87,30	40
87,31	40
87,32	44
87,33	48
87,34	52
87,35	42
87,36	59
87,37	43
87,38	46
87,39	44
87,4	50
87,40	42
87,41	47
87,42	46
87,43	44
87,44	47
87,45	36
87,46	46
87,47	36
87,48	41
87,49	39
87,5	49
87,50	36
87,51	45
87,52	48
87,53	46
87,54	46
87,55	38
87,56	40
87,57	44
87,58	43
87,59	42
87,6	44
87,60	43
87,61	42
87,62	47
87,63	42
87,64	41
87,65	39
87,66	45
87,67	45
87,68	48
87,69	49
87,7	50
87,70	53
87,71	42
87,72	49
87,73	46
87,74	41
87,75	44
87,76	47
87,77	41
87,78	47
87,79	39
87,8	43
87,80	43
87,81	46
87,82	41
87,83	41
87,84	47
87,85	50
87,86	38
87,87	49
87,88	48
87,89	43
87,9	45
87,90	39
87,91	39
87,92	39
87,93	48
87,94	49
87,95	50
87,96	50
87,97	47
87,98	41
87,99	49
88,0	51
88,1	50
88,10	51
88,11	50
88,12	58
88,13	52
88,14	44
88,15	54
88,16	57
88,17	60
88,18	54
88,19	59
88,2	44
88,20	55
88,21	48
88,22	51
88,23	50
88,24	54
88,25	47
88,26	54
88,27	58
88,28	55
88,29	49
88,3	52
88,30	52
88,31	50
88,32	44
88,33	52
88,34	61
88,35	55
88,36	58
88,37	58
88,38	52
88,39	50
88,4	53
88,40	48
88,41	63
88,42	47
88,43	58
88,44	52
88,45	53
88,46	50
88,47	49
88,48	58
88,49	54
88,5	47
88,50	49
88,51	44
88,52	59
88,53	48
88,54	45
88,55	52
88,56	45
88,57	53
88,58	49
88,59	54
88,6	50
88,60	42
88,61	57
88,62	56
88,63	51
88,64	49
88,65	53
88,66	50
88,67	54
88,68	53
88,69	50
88,7	56
88,70	61
88,71	43
88,72	56
88,73	50
88,74	45
88,75	52
88,76	64
88,77	42
88,78	58
88,79	47
88,8	60
88,80	51
88,81	45
88,82	55
88,83	52
88,84	53
88,85	61
88,86	50
88,87	53
88,88	53
88,89	49
88,9	55
88,90	46
88,91	53
88,92	51
88,93	52
88,94	60
88,95	57
88,96	56
88,97	56
88,98	48
88,99	53
89,0	49
89,1	48
89,10	47
89,11	53
89,12	56
89,13	53
89,14	46
89,15	51
89,16	56
89,17	57
89,18	52
89,19	57
89,2	49
89,20	51
89,21	50
89,22	58
89,23	60
89,24	52
89,25	44
89,26	55
89,27	61
89,28	55
89,29	45
89,3	54
89,30	59
89,31	54
89,32	43
89,33	57
89,34	59
89,35	51
89,36	58
89,37	49
89,38	52
89,39	56
89,4	52
89,40	54
89,41	63
89,42	59
89,43	58
89,44	54
89,45	50
89,46	61
89,47	52
89,48	61
89,49	52
89,5	52
89,50	45
89,51	45
89,52	48
89,53	53
89,54	52
89,55	45
89,56	46
89,57	53
89,58	49
89,59	47
89,6	49
89,60	49
89,61	58
89,62	55
89,63	46
89,64	46
89,65	56
89,66	55
89,67	49
89,68	55
89,69	66
89,7	52
89,70	55
89,71	56
89,72	59
89,73	49
89,74	42
89,75	51
89,76	51
89,77	51
89,78	59
89,79	50
89,8	59
89,80	56
89,81	48
89,82	46
89,83	52
89,84	50
89,85	58
89,86	49
89,87	51
89,88	51
89,89	43
89,9	51
89,90	48
89,91	43
89,92	50
89,93	52
89,94	58
89,95	50
89,96	57
89,97	52
89,98	48
89,99	55
9,0	49
9,1	54
9,10	53
9,11	53
9,12	52
9,13	50
9,14	49
9,15	51
9,16	57
9,17	62
9,18	53
9,19	55
9,2	44
9,20	48
9,21	47
9,22	64
9,23	56
9,24	53
9,25	51
9,26	53
9,27	58
9,28	57
9,29	50
9,3	50
9,30	57
9,31	54
9,32	50
9,33	59
9,34	58
9,35	59
9,36	66
9,37	59
9,38	55
9,39	60
9,4	55
9,40	52
9,41	58
9,42	56
9,43	51
9,44	45
9,45	51
9,46	51
9,47	52
9,48	53
9,49	49
9,5	60
9,50	42
9,51	55
9,52	54
9,53	54
9,54	49
9,55	50
9,56	46
9,57	56
9,58	47
9,59	47
9,6	55
9,60	46
9,61	58
9,62	48
9,63	45
9,64	50
9,65	57
9,66	50
9,67	52
9,68	52
9,69	59
9,7	60
9,70	51
9,71	55
9,72	57
9,73	52
9,74	49
9,75	46
9,76	56
9,77	42
9,78	58
9,79	54
9,8	55
9,80	54
9,81	49
9,82	53
9,83	58
9,84	52
9,85	59
9,86	51
9,87	62
9,88	55
9,89	52
9,9	51
9,90	47
9,91	47
9,92	47
9,93	50
9,94	59
9,95	54
9,96	57
9,97	58
9,98	46
9,99	50
90,0	45
90,1	43
90,10	54
90,11	49
90,12	51
90,13	48
90,14	37
90,15	51
90,16	46
90,17	55
90,18	50
90,19	51
90,2	41
90,20	50
90,21	44
90,22	44
90,23	51
90,24	52
90,25	37
90,26	44
90,27	52
90,28	50
90,29	47
90,3	42
90,30	53
90,31	55
90,32	50
90,33	53
90,34	55
90,35	53
90,36	55
90,37	52
90,38	41
90,39	48
90,4	52
90,40	48
90,41	56
90,42	49
90,43	51
90,44	48
90,45	40
90,46	49
90,47	47
90,48	50
90,49	52
90,5	48
90,50	34
90,51	42
90,52	49
90,53	49
90,54	49
90,55	46
90,56	41
90,57	53
90,58	43
90,59	41
90,6	44
90,60	36
90,61	51
90,62	58
90,63	43
90,64	49
90,65	50
90,66	49
90,67	49
90,68	48
90,69	50
90,7	46
90,70	46
90,71	41
90,72	52
90,73	43
90,74	43
90,75	43
90,76	49
90,77	45
90,78	53
90,79	47
90,8	50
90,80	45
90,81	45
90,82	53
90,83	53
90,84	50
90,85	53
90,86	42
90,87	55
90,88	48
90,89	43
90,9	46
90,90	47
90,91	43
90,92	48
90,93	54
90,94	57
90,95	48
90,96	56
90,97	53
90,98	48
90,99	52
91,0	51
91,1	54
91,10	55
91,11	54
91,12	57
91,13	49
91,14	50
91,15	47
91,16	62
91,17	63
91,18	56
91,19	57
91,2	48
91,20	57
91,21	55
91,22	51
91,23	59
91,24	66
91,25	47
91,26	55
91,27	61
91,28	55
91,29	57
91,3	53
91,30	56
91,31	59
91,32	51
91,33	54
91,34	64
91,35	55
91,36	62
91,37	64
91,38	52
91,39	58
91,4	60
91,40	50
91,41	64
91,42	58
91,43	68
91,44	50
91,45	55
91,46	61
91,47	61
91,48	63
91,49	52
91,5	49
91,50	49
91,51	50
91,52	56
91,53	61
91,54	54
91,55	53
91,56	52
91,57	58
91,58	52
91,59	58
91,6	52
91,60	52
91,61	59
91,62	57
91,63	58
91,64	54
91,65	52
91,66	52
91,67	57
91,68	55
91,69	62
91,7	58
91,70	69
91,71	50
91,72	60
91,73	47
91,74	48
91,75	51
91,76	62
91,77	56
91,78	59
91,79	52
91,8	59
91,80	52
91,81	52
91,82	57
91,83	53
91,84	52
91,85	61
91,86	49
91,87	58
91,88	60
91,89	52
91,9	58
91,90	56
91,91	49
91,92	55
91,93	54
91,94	56
91,95	45
91,96	58
91,97	62
91,98	56
91,99	57
92,0	34
92,1	45
92,10	47
92,11	40
92,12	52
92,13	43
92,14	41
92,15	47
92,16	49
92,17	53
92,18	45
92,19	51
92,2	43
92,20	49
92,21	46
92,22	51
92,23	43
92,24	47
92,25	35
92,26	41
92,27	51
92,28	44
92,29	43
92,3	41
92,30	50
92,31	50
92,32	42
92,33	46
92,34	49
92,35	47
92,36	50
92,37	56
92,38	45
92,39	45
92,4	48
92,40	54
92,41	55
92,42	44
92,43	52
92,44	46
92,45	49
92,46	44
92,47	48
92,48	49
92,49	44
92,5	44
92,50	40
92,51	45
92,52	50
92,53	46
92,54	47
92,55	45
92,56	43
92,57	45
92,58	45
92,59	37
92,6	47
92,60	45
92,61	47
92,62	50
92,63	48
92,64	44
92,65	53
92,66	43
92,67	47
92,68	43
92,69	48
92,7	46
92,70	57
92,71	46
92,72	55
92,73	36
92,74	41
92,75	50
92,76	51
92,77	48
92,78	50
92,79	43
92,8	55
92,80	44
92,81	40
92,82	53
92,83	45
92,84	45
92,85	52
92,86	38
92,87	57
92,88	48
92,89	45
92,9	51
92,90	41
92,91	39
92,92	48
92,93	42
92,94	57
92,95	42
92,96	56
92,97	58
92,98	43
92,99	44
93,0	46
93,1	42
93,10	46
93,11	52
93,12	47
93,13	51
93,14	48
93,15	53
93,16	61
93,17	57
93,18	47
93,19	47
93,2	43
93,20	51
93,21	48
93,22	49
93,23	52
93,24	53
93,25	42
93,26	52
93,27	49
93,28	51
93,29	36
93,3	50
93,30	46
93,31	53
93,32	41
93,33	51
93,34	59
93,35	48
93,36	60
93,37	46
93,38	47
93,39	52
93,4	55
93,40	43
93,41	58
93,42	48
93,43	49
93,44	40
93,45	47
93,46	48
93,47	46
93,48	54
93,49	42
93,5	46
93,50	46
93,51	43
93,52	51
93,53	49
93,54	42
93,55	55
93,56	43
93,57	44
93,58	45
93,59	47
93,6	49
93,60	45
93,61	49
93,62	49
93,63	47
93,64	56
93,65	59
93,66	52
93,67	47
93,68	51
93,69	56
93,7	55
93,70	52
93,71	45
93,72	50
93,73	52
93,74	37
93,75	51
93,76	52
93,77	45
93,78	47
93,79	48
93,8	57
93,80	51
93,81	45
93,82	53
93,83	48
93,84	50
93,85	58
93,86	49
93,87	57
93,88	51
93,89	47
93,9	56
93,90	40
93,91	37
93,92	46
93,93	51
93,94	56
93,95	48
93,96	57
93,97	53
93,98	43
93,99	49
94,0	48
94,1	46
94,10	47
94,11	47
94,12	54
94,13	48
94,14	36
94,15	53
94,16	47
94,17	52
94,18	47
94,19	51
94,2	48
94,20	48
94,21	49
94,22	49
94,23	44
94,24	52
94,25	43
94,26	43
94,27	52
94,28	44
94,29	46
94,3	39
94,30	47
94,31	53
94,32	48
94,33	50
94,34	53
94,35	46
94,36	50
94,37	52
94,38	48
94,39	44
94,4	50
94,40	38
94,41	54
94,42	51
94,43	51
94,44	43
94,45	38
94,46	51
94,47	41
94,48	52
94,49	48
94,5	50
94,50	42
94,51	45
94,52	49
94,53	41
94,54	46
94,55	46
94,56	39
94,57	44
94,58	43
94,59	49
94,6	48
94,60	41
94,61	46
94,62	47
94,63	44
94,64	47
94,65	43
94,66	42
94,67	48
94,68	46
94,69	52
94,7	55
94,70	49
94,71	39
94,72	55
94,73	49
94,74	39
94,75	47
94,76	56
94,77	44
94,78	53
94,79	40
94,8	48
94,80	46
94,81	44
94,82	48
94,83	48
94,84	52
94,85	47
94,86	37
94,87	58
94,88	53
94,89	47
94,9	45
94,90	45
94,91	44
94,92	47
94,93	46
94,94	55
94,95	48
94,96	51
94,97	53
94,98	39
94,99	46
95,0	42
95,1	48
95,10	48
95,11	45
95,12	46
95,13	51
95,14	43
95,15	50
95,16	55
95,17	56
95,18	57
95,19	49
95,2	56
95,20	51
95,21	51
95,22	48
95,23	54
95,24	57
95,25	50
95,26	48
95,27	57
95,28	47
95,29	51
95,3	45
95,30	58
95,31	57
95,32	49
95,33	50
95,34	57
95,35	45
95,36	57
95,37	57
95,38	56
95,39	49
95,4	56
95,40	50
95,41	59
95,42	48
95,43	51
95,44	49
95,45	46
95,46	55
95,47	41
95,48	52
95,49	49
95,5	51
95,50	49
95,51	49
95,52	49
95,53	46
95,54	55
95,55	52
95,56	42
95,57	52
95,58	50
95,59	50
95,6	47
95,60	44
95,61	50
95,62	47
95,63	47
95,64	46
95,65	47
95,66	42
95,67	49
95,68	49
95,69	49
95,7	49
95,70	65
95,71	49
95,72	59
95,73	47
95,74	45
95,75	49
95,76	60
95,77	46
95,78	50
95,79	47
95,8	56
95,80	46
95,81	39
95,82	48
95,83	51
95,84	50
95,85	56
95,86	41
95,87	55
95,88	53
95,89	54
95,9	46
95,90	53
95,91	46
95,92	52
95,93	47
95,94	59
95,95	51
95,96	51
95,97	51
95,98	49
95,99	45
96,0	45
96,1	44
96,10	42
96,11	44
96,12	53
96,13	47
96,14	39
96,15	45
96,16	51
96,17	50
96,18	50
96,19	49
96,2	43
96,20	45
96,21	43
96,22	51
96,23	55
96,24	50
96,25	35
96,26	42
96,27	51
96,28	41
96,29	42
96,3	39
96,30	52
96,31	50
96,32	44
96,33	47
96,34	50
96,35	48
96,36	57
96,37	53
96,38	46
96,39	43
96,4	50
96,40	51
96,41	59
96,42	45
96,43	49
96,44	44
96,45	42
96,46	47
96,47	47
96,48	51
96,49	44
96,5	41
96,50	38
96,51	44
96,52	50
96,53	42
96,54	45
96,55	41
96,56	39
96,57	50
96,58	38
96,59	45
96,6	43
96,60	42
96,61	45
96,62	49
96,63	41
96,64	42
96,65	44
96,66	53
96,67	47
96,68	45
96,69	53
96,7	47
96,70	47
96,71	49
96,72	50
96,73	41
96,74	45
96,75	42
96,76	53
96,77	45
96,78	52
96,79	43
96,8	47
96,80	42
96,81	43
96,82	52
96,83	52
96,84	51
96,85	49
96,86	37
96,87	52
96,88	44
96,89	33
96,9	47
96,90	48
96,91	39
96,92	46
96,93	49
96,94	54
96,95	40
96,96	57
96,97	52
96,98	37
96,99	49
97,0	50
97,1	40
97,10	49
97,11	44
97,12	49
97,13	44
97,14	49
97,15	52
97,16	49
97,17	52
97,18	52
97,19	49
97,2	45
97,20	53
97,21	47
97,22	46
97,23	57
97,24	54
97,25	41
97,26	55
97,27	57
97,28	53
97,29	49
97,3	48
97,30	47
97,31	57
97,32	44
97,33	46
97,34	52
97,35	51
97,36	56
97,37	52
97,38	52
97,39	41
97,4	52
97,40	45
97,41	56
97,42	47
97,43	47
97,44	44
97,45	45
97,46	48
97,47	47
97,48	60
97,49	49
97,5	39
97,50	49
97,51	44
97,52	44
97,53	43
97,54	46
97,55	46
97,56	40
97,57	54
97,58	49
97,59	50
97,6	42
97,60	44
97,61	50
97,62	52
97,63	42
97,64	47
97,65	45
97,66	46
97,67	39
97,68	52
97,69	51
97,7	49
97,70	52
97,71	50
97,72	54
97,73	48
97,74	43
97,75	51
97,76	52
97,77	49
97,78	56
97,79	47
97,8	53
97,80	46
97,81	44
97,82	52
97,83	46
97,84	49
97,85	51
97,86	48
97,87	52
97,88	48
97,89	44
97,9	51
97,90	50
97,91	41
97,92	48
97,93	50
97,94	51
97,95	49
97,96	52
97,97	57
97,98	49
97,99	49
98,0	48
98,1	49
98,10	51
98,11	48
98,12	53
98,13	47
98,14	46
98,15	52
98,16	54
98,17	53
98,18	49
98,19	51
98,2	44
98,20	45
98,21	41
98,22	54
98,23	54
98,24	46
98,25	41
98,26	49
98,27	58
98,28	56
98,29	52
98,3	44
98,30	46
98,31	57
98,32	47
98,33	48
98,34	57
98,35	41
98,36	57
98,37	47
98,38	47
98,39	46
98,4	47
98,40	37
98,41	56
98,42	54
98,43	50
98,44	46
98,45	50
98,46	44
98,47	51
98,48	50
98,49	51
98,5	50
98,50	39
98,51	44
98,52	53
98,53	47
98,54	50
98,55	52
98,56	42
98,57	41
98,58	47
98,59	47
98,6	43
98,60	46
98,61	51
98,62	52
98,63	39
98,64	50
98,65	46
98,66	45
98,67	44
98,68	46
98,69	52
98,7	53
98,70	52
98,71	48
98,72	52
98,73	47
98,74	43
98,75	43
98,76	57
98,77	43
98,78	54
98,79	38
98,8	54
98,80	47
98,81	50
98,82	50
98,83	44
98,84	57
98,85	56
98,86	44
98,87	59
98,88	53
98,89	41
98,9	46
98,90	46
98,91	45
98,92	51
98,93	44
98,94	56
98,95	53
98,96	56
98,97	48
98,98	49
98,99	50
99,0	33
99,1	41
99,10	41
99,11	41
99,12	46
99,13	35
99,14	37
99,15	39
99,16	47
99,17	45
99,18	46
99,19	41
99,2	43
99,20	46
99,21	45
99,22	46
99,23	45
99,24	50
99,25	30
99,26	41
99,27	51
99,28	44
99,29	44
99,3	31
99,30	38
99,31	46
99,32	39
99,33	44
99,34	46
99,35	44
99,36	47
99,37	45
99,38	30
99,39	41
99,4	47
99,40	37
99,41	50
99,42	42
99,43	48
99,44	32
99,45	39
99,46	39
99,47	39
99,48	50
99,49	43
99,5	42
99,50	37
99,51	33
99,52	40
99,53	36
99,54	37
99,55	47
99,56	34
99,57	40
99,58	38
99,59	47
99,6	41
99,60	38
99,61	36
99,62	49
99,63	43
99,64	40
99,65	43
99,66	43
99,67	38
99,68	45
99,69	47
99,7	43
99,70	45
99,71	38
99,72	41
99,73	37
99,74	33
99,75	38
99,76	47
99,77	42
99,78	46
99,79	43
99,8	45
99,80	35
99,81	37
99,82	43
99,83	45
99,84	49
99,85	51
99,86	36
99,87	43
99,88	42
99,89	36
99,9	39
99,90	40
99,91	34
99,92	38
99,93	40
99,94	48
99,95	38
99,96	40
99,97	47
99,98	43
99,99	45
